 State    Total rate        Lifetime   Ref.      Total rate     Unc      Lifetime     Unc  Unc %
 3s1/2  3.3485(25)E+07     29.864(30)            3.3485E+07   3.4E+04      29.864    0.030  0.10
 4s1/2  1.78424(95)E+07    56.046(40)            1.7842E+07   1.3E+04      56.046    0.040  0.07
 5s1/2  9.7997(45)E+06    102.044(62)            9.7997E+06   6.0E+03     102.044    0.062  0.06
 6s1/2  5.8220(24)E+06    171.763(95)            5.8220E+06   3.2E+03     171.763    0.095  0.06
 7s1/2  3.7032(22)E+06     270.04(21)            3.7032E+06   2.9E+03      270.04     0.21  0.08
 8s1/2  2.4877(15)E+06     401.98(33)            2.4877E+06   2.0E+03      401.98     0.33  0.08
 9s1/2  1.7471(12)E+06     572.38(53)            1.7471E+06   1.6E+03      572.38     0.53  0.09
10s1/2  1.2817(82)E+06      780.2(67)            1.2817E+06   1.1E+04       780.2      6.7  0.86
 2p1/2  3.68984(90)E+07   27.102(2)(7) E71       3.6898E+07   9.0E+03     27.1020   0.0070  0.02
 3p1/2  4.7395(42)E+06     210.99(19)            4.7395E+06   4.2E+03      210.99     0.19  0.09
 4p1/2  2.5781(17)E+06     387.89(26)            2.5781E+06   1.7E+03      387.89     0.26  0.07
 5p1/2  1.6522(11)E+06     605.26(39)            1.6522E+06   1.1E+03      605.26     0.39  0.06
 6p1/2  1.1083(39)E+06      902.3(32)            1.1083E+06   3.9E+03       902.3      3.2  0.35
 7p1/2  7.655(18)E+05      1306.3(30)            7.6554E+05   1.8E+03      1306.3      3.0  0.23
 8p1/2  5.567(77)E+05         1796(25)           5.5672E+05   7.7E+03       1796       25   1.38
 9p1/2  3.992(14)E+05      2504.9(90)            3.9922E+05   1.4E+03      2504.9      9.0  0.36
10p1/2  3.067(36)E+05         3260(38)           3.0673E+05   3.6E+03       3260       38   1.16
 2p3/2  3.68970(95)E+07   27.102(2)(7) E71       3.6897E+07   9.5E+03     27.1020   0.0070  0.03
 3p3/2  4.7396(44)E+06     210.99(20)            4.7396E+06   4.4E+03      210.99     0.20  0.09
 4p3/2  2.5781(19)E+06     387.88(29)            2.5781E+06   1.9E+03      387.88     0.29  0.07
 5p3/2  1.6522(11)E+06     605.25(40)            1.6522E+06   1.1E+03      605.25     0.40  0.07
 6p3/2  1.1083(40)E+06      902.3(33)            1.1083E+06   4.0E+03       902.3      3.3  0.36
 7p3/2  7.656(18)E+05      1306.2(31)            7.6556E+05   1.8E+03      1306.2      3.1  0.24
 8p3/2  5.567(77)E+05         1796(25)           5.5673E+05   7.7E+03       1796       25   1.39
 9p3/2  3.992(14)E+05      2504.8(87)            3.9923E+05   1.4E+03      2504.8      8.7  0.35
10p3/2  3.067(36)E+05         3260(38)           3.0674E+05   3.6E+03       3260       38   1.17
 3d3/2  6.8567(58)E+07     14.584(15)            6.8567E+07   6.9E+04      14.584    0.015  0.10
 4d3/2  2.9959(21)E+07     33.379(27)            2.9959E+07   2.4E+04      33.379    0.027  0.08
 5d3/2  1.56941(98)E+07    63.718(47)            1.5694E+07   1.2E+04      63.718    0.047  0.07
 6d3/2  9.2296(92)E+06     108.35(13)            9.2296E+06   1.1E+04      108.35     0.13  0.12
 7d3/2  5.8785(36)E+06     170.11(12)            5.8785E+06   4.2E+03      170.11     0.12  0.07
 8d3/2  3.9663(81)E+06     252.12(61)            3.9663E+06   9.6E+03      252.12     0.61  0.24
 9d3/2  2.800(11)E+06       357.1(16)            2.8000E+06   1.2E+04       357.1      1.6  0.44
10d3/2  2.0516(81)E+06      487.4(23)            2.0516E+06   9.5E+03       487.4      2.3  0.46
 3d5/2  6.8567(69)E+07     14.584(15)            6.8567E+07   6.9E+04      14.584    0.015  0.10
 4d5/2  2.9959(24)E+07     33.379(27)            2.9959E+07   2.4E+04      33.379    0.027  0.08
 5d5/2  1.5694(12)E+07     63.719(47)            1.5694E+07   1.2E+04      63.719    0.047  0.07
 6d5/2  9.229(11)E+06      108.35(13)            9.2295E+06   1.1E+04      108.35     0.13  0.12
 7d5/2  5.8785(42)E+06     170.11(12)            5.8785E+06   4.2E+03      170.11     0.12  0.07
 8d5/2  3.9662(96)E+06     252.13(61)            3.9662E+06   9.6E+03      252.13     0.61  0.24
 9d5/2  2.800(12)E+06       357.2(16)            2.7999E+06   1.2E+04       357.2      1.6  0.45
10d5/2  2.0516(95)E+06      487.4(23)            2.0516E+06   9.5E+03       487.4      2.3  0.46
