  Transition         Wavelength            Matrix el.           Br. ratio       Tran. rate        Wavelength       Unc   Unc %   Matrix el.     Unc   Unc %     Br. ratio     Unc    Unc %  Tran. rate    Unc     Unc %
 3s1/2   2p1/2      177.6099(9)          0.86751(43)             0.33332(31)    1.3608(14)E+08       177.6099     0.0009   0.00    0.86750    0.00043    0.05        0.33332       0.00031    0.09  1.3608E+08  1.4E+05    0.10
 3s1/2   2p3/2      177.6306(9)          1.22708(61)             0.66668(31)    2.7216(27)E+08       177.6306     0.0009   0.00    1.22708    0.00061    0.05        0.66668       0.00031    0.05  2.7216E+08  2.7E+05    0.10
 4s1/2   2p1/2      119.7093(4)          0.28376(14)             0.19851(19)    4.7552(48)E+07       119.7093     0.0004   0.00    0.28376    0.00014    0.05        0.19851       0.00019    0.09  4.7552E+07  4.8E+04    0.10
 4s1/2   2p3/2      119.7187(4)          0.40135(20)             0.39703(28)    9.5104(95)E+07       119.7187     0.0004   0.00    0.40135    0.00020    0.05        0.39703       0.00028    0.07  9.5104E+07  9.5E+04    0.10
 4s1/2   3p1/2       527.174(2)           2.1611(11)             0.13481(14)    3.2294(32)E+07        527.174      0.002   0.00     2.1611     0.0011    0.05        0.13481       0.00014    0.10  3.2294E+07  3.2E+04    0.10
 4s1/2   3p3/2       527.227(2)           3.0568(15)             0.26965(23)    6.4592(65)E+07        527.227      0.002   0.00     3.0568     0.0015    0.05        0.26965       0.00023    0.09  6.4592E+07  6.5E+04    0.10
 5s1/2   2p1/2      104.8148(3)         0.159670(80)             0.16130(15)    2.2429(22)E+07       104.8148     0.0003   0.00   0.159670   0.000080    0.05        0.16130       0.00015    0.09  2.2429E+07  2.2E+04    0.10
 5s1/2   2p3/2      104.8220(3)          0.22583(11)             0.32260(24)    4.4858(45)E+07       104.8220     0.0003   0.00    0.22583    0.00011    0.05        0.32260       0.00024    0.07  4.4858E+07  4.5E+04    0.10
 5s1/2   3p1/2       324.257(1)          0.68102(34)            0.099108(99)    1.3781(14)E+07        324.257      0.001   0.00    0.68102    0.00034    0.05       0.099108      0.000099    0.10  1.3781E+07  1.4E+04    0.10
 5s1/2   3p3/2       324.277(1)          0.96321(48)             0.19822(18)    2.7563(28)E+07        324.277      0.001   0.00    0.96321    0.00048    0.05        0.19822       0.00018    0.09  2.7563E+07  2.8E+04    0.10
 5s1/2   4p1/2       1166.23(2)           3.9845(20)            0.072921(75)    1.0140(10)E+07        1166.23       0.02   0.00     3.9845     0.0020    0.05       0.072921      0.000075    0.10  1.0140E+07  1.0E+04    0.10
 5s1/2   4p3/2       1166.34(2)           5.6360(28)             0.14585(14)    2.0281(20)E+07        1166.34       0.02   0.00     5.6360     0.0028    0.05        0.14585       0.00014    0.10  2.0281E+07  2.0E+04    0.10
 6s1/2   2p1/2       98.3984(3)         0.107913(54)             0.14464(14)    1.2383(12)E+07        98.3984     0.0003   0.00   0.107913   0.000054    0.05        0.14464       0.00014    0.09  1.2383E+07  1.2E+04    0.10
 6s1/2   2p3/2       98.4047(3)         0.152627(76)             0.28928(22)    2.4766(25)E+07        98.4047     0.0003   0.00   0.152627   0.000076    0.05        0.28928       0.00022    0.08  2.4766E+07  2.5E+04    0.10
 6s1/2   3p1/2      269.8248(7)          0.37742(19)            0.085803(86)    7.3457(73)E+06       269.8248     0.0007   0.00    0.37742    0.00019    0.05       0.085803      0.000086    0.10  7.3457E+06  7.3E+03    0.10
 6s1/2   3p3/2      269.8389(7)          0.53380(27)             0.17161(16)    1.4692(15)E+07       269.8389     0.0007   0.00    0.53380    0.00027    0.05        0.17161       0.00016    0.09  1.4692E+07  1.5E+04    0.10
 6s1/2   4p1/2       675.862(6)          1.22012(61)            0.057061(59)    4.8851(49)E+06        675.862      0.006   0.00    1.22012    0.00061    0.05       0.057061      0.000059    0.10  4.8851E+06  4.9E+03    0.10
 6s1/2   4p3/2       675.899(6)          1.72569(86)             0.11413(11)    9.7705(98)E+06        675.899      0.006   0.00    1.72569    0.00086    0.05        0.11413       0.00011    0.10  9.7705E+06  9.8E+03    0.10
 6s1/2   5p1/2       2181.11(6)           6.3388(32)            0.045823(48)    3.9230(39)E+06        2181.11       0.06   0.00     6.3388     0.0032    0.05       0.045823      0.000048    0.10  3.9230E+06  3.9E+03    0.10
 6s1/2   5p3/2       2181.32(6)           8.9660(45)            0.091653(91)    7.8465(79)E+06        2181.32       0.06   0.00     8.9660     0.0045    0.05       0.091653      0.000091    0.10  7.8465E+06  7.9E+03    0.10
 7s1/2   2p1/2       94.9757(3)         0.079974(40)             0.13548(13)    7.5630(76)E+06        94.9757     0.0003   0.00   0.079974   0.000040    0.05        0.13548       0.00013    0.09  7.5630E+06  7.6E+03    0.10
 7s1/2   2p3/2       94.9817(3)         0.113110(57)             0.27095(21)    1.5126(15)E+07        94.9817     0.0003   0.00   0.113110   0.000057    0.05        0.27095       0.00021    0.08  1.5126E+07  1.5E+04    0.10
 7s1/2   3p1/2      245.5589(7)          0.25380(13)            0.078945(79)    4.4071(44)E+06       245.5589     0.0007   0.00    0.25380    0.00013    0.05       0.078945      0.000079    0.10  4.4071E+06  4.4E+03    0.10
 7s1/2   3p3/2      245.5706(7)          0.35896(18)             0.15789(14)    8.8144(88)E+06       245.5706     0.0007   0.00    0.35896    0.00018    0.05        0.15789       0.00014    0.09  8.8144E+06  8.8E+03    0.10
 7s1/2   4p1/2       541.763(4)          0.66612(33)            0.050640(52)    2.8270(28)E+06        541.763      0.004   0.00    0.66612    0.00033    0.05       0.050640      0.000052    0.10  2.8270E+06  2.8E+03    0.10
 7s1/2   4p3/2       541.786(4)          0.94212(47)            0.101283(99)    5.6541(57)E+06        541.786      0.004   0.00    0.94212    0.00047    0.05       0.101283      0.000099    0.10  5.6541E+06  5.7E+03    0.10
 7s1/2   5p1/2       1212.54(2)          1.89948(95)            0.036728(38)    2.0503(21)E+06        1212.54       0.02   0.00    1.89948    0.00095    0.05       0.036728      0.000038    0.10  2.0503E+06  2.1E+03    0.10
 7s1/2   5p3/2       1212.60(2)           2.6865(13)            0.073458(74)    4.1008(41)E+06        1212.60       0.02   0.00     2.6865     0.0013    0.05       0.073458      0.000074    0.10  4.1008E+06  4.1E+03    0.10
 7s1/2   6p1/2        3658.4(2)           9.2249(46)            0.031539(33)    1.7607(18)E+06         3658.4        0.2   0.01     9.2249     0.0046    0.05       0.031539      0.000033    0.11  1.7607E+06  1.8E+03    0.10
 7s1/2   6p3/2        3658.8(2)          13.0482(65)            0.063083(65)    3.5216(36)E+06         3658.8        0.2   0.01    13.0482     0.0065    0.05       0.063083      0.000065    0.10  3.5216E+06  3.6E+03    0.10
 8s1/2   2p1/2       92.9140(3)         0.062661(31)             0.12981(12)    4.9590(50)E+06        92.9140     0.0003   0.00   0.062661   0.000031    0.05        0.12981       0.00012    0.09  4.9590E+06  5.0E+03    0.10
 8s1/2   2p3/2       92.9197(3)         0.088624(44)             0.25961(20)    9.9179(99)E+06        92.9197     0.0003   0.00   0.088624   0.000044    0.05        0.25961       0.00020    0.08  9.9179E+06  9.9E+03    0.10
 8s1/2   3p1/2      232.2352(7)         0.188023(94)            0.074848(74)    2.8594(29)E+06       232.2352     0.0007   0.00   0.188023   0.000094    0.05       0.074848      0.000074    0.10  2.8594E+06  2.9E+03    0.10
 8s1/2   3p3/2      232.2456(7)          0.26592(13)             0.14970(14)    5.7189(57)E+06       232.2456     0.0007   0.00    0.26592    0.00013    0.05        0.14970       0.00014    0.09  5.7189E+06  5.7E+03    0.10
 8s1/2   4p1/2       480.893(3)          0.44453(22)            0.047120(48)    1.8001(18)E+06        480.893      0.003   0.00    0.44453    0.00022    0.05       0.047120      0.000048    0.10  1.8001E+06  1.8E+03    0.10
 8s1/2   4p3/2       480.912(3)          0.62871(31)            0.094242(92)    3.6003(36)E+06        480.912      0.003   0.00    0.62871    0.00031    0.05       0.094242      0.000092    0.10  3.6003E+06  3.6E+03    0.10
 8s1/2   5p1/2        944.86(1)          1.02374(51)            0.032947(34)    1.2587(13)E+06         944.86       0.01   0.00    1.02374    0.00051    0.05       0.032947      0.000034    0.10  1.2587E+06  1.3E+03    0.10
 8s1/2   5p3/2        944.90(1)          1.44789(72)            0.065895(66)    2.5174(25)E+06         944.90       0.01   0.00    1.44789    0.00072    0.05       0.065895      0.000066    0.10  2.5174E+06  2.5E+03    0.10
 8s1/2   6p1/2       1972.47(7)           2.7185(14)            0.025537(27)    9.7558(98)E+05        1972.47       0.07   0.00     2.7185     0.0014    0.05       0.025537      0.000027    0.10  9.7558E+05  9.8E+02    0.10
 8s1/2   6p3/2       1972.56(7)           3.8449(19)            0.051075(52)    1.9512(20)E+06        1972.56       0.07   0.00     3.8449     0.0019    0.05       0.051075      0.000052    0.10  1.9512E+06  2.0E+03    0.10
 8s1/2   7p1/2        5684.4(5)          12.6417(63)            0.023072(25)    8.8143(92)E+05         5684.4        0.5   0.01    12.6417     0.0063    0.05       0.023072      0.000025    0.11  8.8143E+05  9.2E+02    0.10
 8s1/2   7p3/2        5684.9(5)          17.8811(89)            0.046148(49)    1.7630(18)E+06         5684.9        0.5   0.01    17.8811     0.0089    0.05       0.046148      0.000049    0.11  1.7630E+06  1.8E+03    0.10
 9s1/2   2p1/2       91.5688(3)         0.050970(26)             0.12602(12)    3.4279(34)E+06        91.5688     0.0003   0.00   0.050970   0.000025    0.05        0.12602       0.00012    0.09  3.4279E+06  3.4E+03    0.10
 9s1/2   2p3/2       91.5743(3)         0.072089(36)             0.25203(20)    6.8557(68)E+06        91.5743     0.0003   0.00   0.072089   0.000036    0.05        0.25203       0.00020    0.08  6.8557E+06  6.8E+03    0.10
 9s1/2   3p1/2      224.0096(6)         0.147590(74)            0.072169(72)    1.9631(20)E+06       224.0096     0.0006   0.00   0.147590   0.000074    0.05       0.072169      0.000072    0.10  1.9631E+06  2.0E+03    0.10
 9s1/2   3p3/2      224.0193(6)          0.20874(10)             0.14434(13)    3.9264(39)E+06       224.0193     0.0006   0.00    0.20874    0.00010    0.05        0.14434       0.00013    0.09  3.9264E+06  3.9E+03    0.10
 9s1/2   4p1/2       446.912(3)          0.32813(16)            0.044923(46)    1.2220(12)E+06        446.912      0.003   0.00    0.32813    0.00016    0.05       0.044923      0.000046    0.10  1.2220E+06  1.2E+03    0.10
 9s1/2   4p3/2       446.928(3)          0.46408(23)            0.089847(87)    2.4440(24)E+06        446.928      0.003   0.00    0.46408    0.00023    0.05       0.089847      0.000087    0.10  2.4440E+06  2.4E+03    0.10
 9s1/2   5p1/2        822.05(1)          0.67794(34)            0.030812(32)    8.3815(84)E+05         822.05       0.01   0.00    0.67794    0.00034    0.05       0.030812      0.000032    0.10  8.3815E+05  8.4E+02    0.10
 9s1/2   5p3/2        822.08(1)          0.95881(48)            0.061625(62)    1.6763(17)E+06         822.08       0.01   0.00    0.95881    0.00048    0.05       0.061625      0.000062    0.10  1.6763E+06  1.7E+03    0.10
 9s1/2   6p1/2       1503.55(4)          1.44938(72)            0.023017(24)    6.2611(63)E+05        1503.55       0.04   0.00    1.44938    0.00072    0.05       0.023017      0.000024    0.10  6.2611E+05  6.3E+02    0.10
 9s1/2   6p3/2       1503.60(4)           2.0499(10)            0.046035(47)    1.2522(13)E+06        1503.60       0.04   0.00     2.0499     0.0010    0.05       0.046035      0.000047    0.10  1.2522E+06  1.3E+03    0.10
 9s1/2   7p1/2        2993.7(2)           3.6765(18)            0.018762(20)    5.1036(52)E+05         2993.7        0.2   0.01     3.6765     0.0018    0.05       0.018762      0.000020    0.11  5.1036E+05  5.2E+02    0.10
 9s1/2   7p3/2        2993.9(2)           5.1998(26)            0.037525(39)    1.0208(10)E+06         2993.9        0.2   0.01     5.1998     0.0026    0.05       0.037525      0.000039    0.10  1.0208E+06  1.0E+03    0.10
 9s1/2   8p1/2          8346(2)          16.5898(83)            0.017633(21)    4.7966(56)E+05          8346          2    0.02    16.5898     0.0083    0.05       0.017633      0.000021    0.12  4.7966E+05  5.6E+02    0.12
 9s1/2   8p3/2          8346(2)           23.465(12)            0.035269(41)    9.594(11)E+05           8346          2    0.02     23.465      0.012    0.05       0.035269      0.000041    0.12  9.5938E+05  1.1E+03    0.12
10s1/2   2p1/2       90.6396(3)         0.042597(21)             0.12334(12)    2.4685(25)E+06        90.6396     0.0003   0.00   0.042597   0.000021    0.05        0.12334       0.00012    0.09  2.4685E+06  2.5E+03    0.10
10s1/2   2p3/2       90.6450(3)         0.060246(30)             0.24668(20)    4.9370(49)E+06        90.6450     0.0003   0.00   0.060246   0.000030    0.05        0.24668       0.00020    0.08  4.9370E+06  4.9E+03    0.10
10s1/2   3p1/2      218.5292(6)         0.120396(60)            0.070307(70)    1.4071(14)E+06       218.5292     0.0006   0.00   0.120396   0.000060    0.05       0.070307      0.000070    0.10  1.4071E+06  1.4E+03    0.10
10s1/2   3p3/2      218.5384(6)         0.170278(85)             0.14062(13)    2.8143(28)E+06       218.5384     0.0006   0.00   0.170278   0.000085    0.05        0.14062       0.00013    0.09  2.8143E+06  2.8E+03    0.10
10s1/2   4p1/2       425.616(3)          0.25723(13)            0.043438(44)    8.6938(87)E+05        425.616      0.003   0.00    0.25723    0.00013    0.05       0.043438      0.000044    0.10  8.6938E+05  8.7E+02    0.10
10s1/2   4p3/2       425.631(3)          0.36379(18)            0.086878(85)    1.7388(17)E+06        425.631      0.003   0.00    0.36379    0.00018    0.05       0.086878      0.000085    0.10  1.7388E+06  1.7E+03    0.10
10s1/2   5p1/2       752.773(8)          0.49814(25)            0.029445(30)    5.8932(59)E+05        752.773      0.008   0.00    0.49814    0.00025    0.05       0.029445      0.000030    0.10  5.8932E+05  5.9E+02    0.10
10s1/2   5p3/2       752.797(8)          0.70452(35)            0.058892(59)    1.1787(12)E+06        752.797      0.008   0.00    0.70452    0.00035    0.05       0.058892      0.000059    0.10  1.1787E+06  1.2E+03    0.10
10s1/2   6p1/2       1286.92(3)          0.95304(48)            0.021571(22)    4.3172(43)E+05        1286.92       0.03   0.00    0.95304    0.00048    0.05       0.021571      0.000022    0.10  4.3172E+05  4.3E+02    0.10
10s1/2   6p3/2       1286.96(3)          1.34788(67)            0.043142(44)    8.6346(87)E+05        1286.96       0.03   0.00    1.34788    0.00067    0.05       0.043142      0.000044    0.10  8.6346E+05  8.7E+02    0.10
10s1/2   7p1/2       2242.22(9)          1.94252(97)            0.016943(18)    3.3910(34)E+05        2242.22       0.09   0.00    1.94252    0.00097    0.05       0.016943      0.000018    0.10  3.3910E+05  3.4E+02    0.10
10s1/2   7p3/2       2242.29(9)           2.7473(14)            0.033887(35)    6.7822(68)E+05        2242.29       0.09   0.00     2.7473     0.0014    0.05       0.033887      0.000035    0.10  6.7822E+05  6.8E+02    0.10
10s1/2   8p1/2        4314.5(4)           4.7736(24)            0.014361(16)    2.8743(30)E+05         4314.5        0.4   0.01     4.7736     0.0024    0.05       0.014361      0.000016    0.11  2.8743E+05  3.0E+02    0.10
10s1/2   8p3/2        4314.7(4)           6.7514(34)            0.028723(31)    5.7488(60)E+05         4314.7        0.4   0.01     6.7514     0.0034    0.05       0.028723      0.000031    0.11  5.7488E+05  6.0E+02    0.10
10s1/2   9p1/2         11729(2)           21.069(11)            0.013926(17)    2.7873(32)E+05         11729          2    0.02     21.069      0.011    0.05       0.013926      0.000017    0.12  2.7873E+05  3.2E+02    0.12
10s1/2   9p3/2         11730(2)           29.801(15)            0.027855(33)    5.5749(65)E+05         11730          2    0.02     29.801      0.015    0.05       0.027855      0.000033    0.12  5.5749E+05  6.5E+02    0.12
 2p1/2   2s1/2       313.197(4)          1.85057(93)              1.0           1.1293(11)E+08        313.197      0.004   0.00    1.85057    0.00093    0.05  1.00000000000 0.00000000000    0.00  1.1293E+08  1.1E+05    0.10
 3p1/2   2s1/2      103.6319(3)          0.43467(22)            0.931731(90)    1.7198(17)E+08       103.6319     0.0003   0.00    0.43467    0.00022    0.05       0.931731      0.000090    0.01  1.7198E+08  1.7E+05    0.10
 3p1/2   3s1/2      1210.149(3)           4.6951(23)            0.068269(90)    1.2601(13)E+07       1210.149      0.003   0.00     4.6951     0.0023    0.05       0.068269      0.000090    0.13  1.2601E+07  1.3E+04    0.10
 4p1/2   2s1/2       84.2031(2)          0.24029(12)             0.79131(20)    9.7977(98)E+07        84.2031     0.0002   0.00    0.24029    0.00012    0.05        0.79131       0.00020    0.02  9.7977E+07  9.8E+04    0.10
 4p1/2   3s1/2       327.562(1)          0.70082(35)             0.11434(14)    1.4157(14)E+07        327.562      0.001   0.00    0.70082    0.00035    0.05        0.11434       0.00014    0.12  1.4157E+07  1.4E+04    0.10
 4p1/2   4s1/2        3033.9(1)           8.6922(43)            0.022136(28)    2.7409(28)E+06         3033.9        0.1   0.00     8.6922     0.0043    0.05       0.022136      0.000028    0.13  2.7409E+06  2.8E+03    0.10
 4p1/2   3d3/2       482.953(3)          0.99716(50)            0.072222(88)    8.9423(89)E+06        482.953      0.003   0.00    0.99716    0.00050    0.05       0.072222      0.000088    0.12  8.9423E+06  8.9E+03    0.10
 5p1/2   2s1/2       77.5364(2)         0.159035(80)             0.70996(24)    5.4967(55)E+07        77.5364     0.0002   0.00   0.159035   0.000079    0.05        0.70996       0.00024    0.03  5.4967E+07  5.5E+04    0.10
 5p1/2   3s1/2      245.4608(5)          0.39412(20)             0.13743(15)    1.0640(11)E+07       245.4608     0.0005   0.00    0.39412    0.00020    0.05        0.13743       0.00015    0.11  1.0640E+07  1.1E+04    0.10
 5p1/2   4s1/2       740.347(6)          1.01304(51)            0.033092(40)    2.5620(26)E+06        740.347      0.006   0.00    1.01304    0.00051    0.05       0.033092      0.000040    0.12  2.5620E+06  2.6E+03    0.10
 5p1/2   5s1/2        6110.6(4)          13.8507(69)            0.011002(14)    8.5179(87)E+05         6110.6        0.4   0.01    13.8507     0.0069    0.05       0.011002      0.000014    0.12  8.5179E+05  8.7E+02    0.10
 5p1/2   3d3/2       323.446(1)          0.35629(18)            0.049088(59)    3.8005(38)E+06        323.446      0.001   0.00    0.35629    0.00018    0.05       0.049088      0.000059    0.12  3.8005E+06  3.8E+03    0.10
 5p1/2   4d3/2       1047.07(1)           2.2833(11)            0.059424(71)    4.6008(46)E+06        1047.07       0.01   0.00     2.2833     0.0011    0.05       0.059424      0.000071    0.12  4.6008E+06  4.6E+03    0.10
 6p1/2   2s1/2       74.3575(2)         0.115937(59)             0.66362(25)    3.3121(34)E+07        74.3575     0.0002   0.00   0.115936   0.000059    0.05        0.66362       0.00025    0.04  3.3121E+07  3.4E+04    0.10
 6p1/2   3s1/2      216.2001(6)          0.26410(13)             0.14009(15)    6.9920(70)E+06       216.2001     0.0006   0.00    0.26410    0.00013    0.05        0.14009       0.00015    0.11  6.9920E+06  7.0E+03    0.10
 6p1/2   4s1/2       525.737(4)          0.56885(28)            0.045200(53)    2.2559(23)E+06        525.737      0.004   0.00    0.56885    0.00028    0.05       0.045200      0.000053    0.12  2.2559E+06  2.3E+03    0.10
 6p1/2   5s1/2       1398.55(3)          1.37366(69)            0.014002(17)    6.9881(70)E+05        1398.55       0.03   0.00    1.37366    0.00069    0.05       0.014002      0.000017    0.12  6.9881E+05  7.0E+02    0.10
 6p1/2   6s1/2         10765(2)           20.172(10)           0.0066207(87)    3.3044(37)E+05         10765          2    0.02     20.172      0.010    0.05      0.0066207     0.0000087    0.13  3.3044E+05  3.7E+02    0.11
 6p1/2   3d3/2       274.493(1)          0.20134(10)            0.039786(47)    1.9857(20)E+06        274.493      0.001   0.00    0.20134    0.00010    0.05       0.039786      0.000047    0.12  1.9857E+06  2.0E+03    0.10
 6p1/2   4d3/2       663.827(6)          0.80784(40)            0.045284(53)    2.2601(23)E+06        663.827      0.006   0.00    0.80784    0.00040    0.05       0.045284      0.000053    0.12  2.2601E+06  2.3E+03    0.10
 6p1/2   5d3/2       1932.28(6)           4.0170(20)            0.045398(54)    2.2658(23)E+06        1932.28       0.06   0.00     4.0170     0.0020    0.05       0.045398      0.000054    0.12  2.2658E+06  2.3E+03    0.10
 7p1/2   2s1/2       72.5711(2)         0.089670(55)             0.63461(30)    2.1313(26)E+07        72.5711     0.0002   0.00   0.089669   0.000055    0.06        0.63461       0.00030    0.05  2.1313E+07  2.6E+04    0.12
 7p1/2   3s1/2      201.7591(5)         0.194767(97)             0.13933(16)    4.6792(47)E+06       201.7591     0.0005   0.00   0.194767   0.000097    0.05        0.13933       0.00016    0.12  4.6792E+06  4.7E+03    0.10
 7p1/2   4s1/2       447.797(3)          0.38132(19)            0.048848(60)    1.6405(16)E+06        447.797      0.003   0.00    0.38132    0.00019    0.05       0.048848      0.000060    0.12  1.6405E+06  1.6E+03    0.10
 7p1/2   5s1/2        955.95(1)          0.76696(38)            0.020312(26)    6.8216(68)E+05         955.95       0.01   0.00    0.76696    0.00038    0.05       0.020312      0.000026    0.13  6.8216E+05  6.8E+02    0.10
 7p1/2   6s1/2       2358.75(9)          1.78446(89)           0.0073193(93)    2.4581(25)E+05        2358.75       0.09   0.00    1.78446    0.00089    0.05      0.0073193     0.0000093    0.13  2.4581E+05  2.5E+02    0.10
 7p1/2   7s1/2         17325(5)           27.657(14)           0.0044368(69)    1.4900(20)E+05         17325          5    0.03     27.657      0.014    0.05      0.0044368     0.0000069    0.15  1.4900E+05  2.0E+02    0.13
 7p1/2   3d3/2       251.627(1)         0.136025(68)            0.035033(44)    1.1765(12)E+06        251.627      0.001   0.00   0.136025   0.000068    0.05       0.035033      0.000044    0.12  1.1765E+06  1.2E+03    0.10
 7p1/2   4d3/2       544.224(4)          0.45313(23)            0.038426(48)    1.2905(13)E+06        544.224      0.004   0.00    0.45313    0.00023    0.05       0.038426      0.000048    0.12  1.2905E+06  1.3E+03    0.10
 7p1/2   5d3/2       1178.43(2)          1.40891(70)            0.036589(46)    1.2288(12)E+06        1178.43       0.02   0.00    1.40891    0.00070    0.05       0.036589      0.000046    0.12  1.2288E+06  1.2E+03    0.10
 7p1/2   6d3/2        3210.5(2)           6.2053(31)            0.035101(44)    1.1788(12)E+06         3210.5        0.2   0.01     6.2053     0.0031    0.05       0.035101      0.000044    0.13  1.1788E+06  1.2E+03    0.10
 8p1/2   2s1/2       71.4602(2)         0.072172(54)             0.61509(37)    1.4460(22)E+07        71.4602     0.0002   0.00   0.072171   0.000054    0.07        0.61509       0.00037    0.06  1.4460E+07  2.2E+04    0.15
 8p1/2   3s1/2      193.4005(7)         0.152194(78)             0.13798(18)    3.2439(33)E+06       193.4005     0.0007   0.00   0.152194   0.000077    0.05        0.13798       0.00018    0.13  3.2439E+06  3.3E+03    0.10
 8p1/2   4s1/2       408.603(4)          0.28186(14)            0.050184(67)    1.1798(12)E+06        408.603      0.004   0.00    0.28186    0.00014    0.05       0.050184      0.000067    0.13  1.1798E+06  1.2E+03    0.10
 8p1/2   5s1/2        793.46(1)          0.51208(26)            0.022620(31)    5.3178(53)E+05         793.46       0.01   0.00    0.51208    0.00026    0.05       0.022620      0.000031    0.14  5.3178E+05  5.3E+02    0.10
 8p1/2   6s1/2       1567.00(5)          0.98935(49)            0.010962(15)    2.5771(26)E+05        1567.00       0.05   0.00    0.98935    0.00049    0.05       0.010962      0.000015    0.14  2.5771E+05  2.6E+02    0.10
 8p1/2   7s1/2        3677.4(3)           2.2453(11)           0.0043684(61)    1.0270(11)E+05         3677.4        0.3   0.01     2.2453     0.0011    0.05      0.0043684     0.0000061    0.14  1.0270E+05  1.1E+02    0.10
 8p1/2   8s1/2        26120(20)           36.305(18)           0.0031890(73)    7.497(16)E+04          26115         16    0.06     36.305      0.018    0.05      0.0031890     0.0000073    0.23  7.4971E+04  1.6E+02    0.21
 8p1/2   3d3/2       238.757(1)         0.100893(50)            0.032229(43)    7.5768(76)E+05        238.757      0.001   0.00   0.100892   0.000050    0.05       0.032229      0.000043    0.13  7.5768E+05  7.6E+02    0.10
 8p1/2   4d3/2       487.404(5)          0.30473(15)            0.034560(46)    8.1249(81)E+05        487.404      0.005   0.00    0.30473    0.00015    0.05       0.034560      0.000046    0.13  8.1249E+05  8.1E+02    0.10
 8p1/2   5d3/2        940.92(2)          0.78459(39)            0.031844(43)    7.4863(75)E+05         940.92       0.02   0.00    0.78459    0.00039    0.05       0.031844      0.000043    0.13  7.4863E+05  7.5E+02    0.10
 8p1/2   6d3/2       1902.25(8)           2.1600(11)            0.029208(40)    6.8666(69)E+05        1902.25       0.08   0.00     2.1600     0.0011    0.05       0.029208      0.000040    0.14  6.8666E+05  6.9E+02    0.10
 8p1/2   7d3/2        4953.2(5)           8.8478(44)            0.027760(38)    6.5262(69)E+05         4953.2        0.5   0.01     8.8478     0.0044    0.05       0.027760      0.000038    0.14  6.5262E+05  6.9E+02    0.11
 9p1/2   2s1/2       70.7197(2)         0.059785(54)             0.60124(45)    1.0238(18)E+07        70.7197     0.0002   0.00   0.059785   0.000053    0.09        0.60124       0.00045    0.07  1.0238E+07  1.8E+04    0.18
 9p1/2   3s1/2      188.0713(4)         0.123620(79)             0.13667(21)    2.3273(30)E+06       188.0713     0.0004   0.00   0.123620   0.000079    0.06        0.13667       0.00021    0.15  2.3273E+06  3.0E+03    0.13
 9p1/2   4s1/2       385.523(2)          0.22099(13)            0.050707(80)    8.634(10)E+05         385.523      0.002   0.00    0.22099    0.00013    0.06       0.050707      0.000080    0.16  8.6342E+05  1.0E+03    0.12
 9p1/2   5s1/2       710.827(8)          0.37798(20)            0.023666(36)    4.0297(44)E+05        710.827      0.008   0.00    0.37798    0.00020    0.05       0.023666      0.000036    0.15  4.0297E+05  4.4E+02    0.11
 9p1/2   6s1/2       1274.40(3)          0.65709(33)            0.012411(18)    2.1133(21)E+05        1274.40       0.03   0.00    0.65709    0.00033    0.05       0.012411      0.000018    0.15  2.1133E+05  2.1E+02    0.10
 9p1/2   7s1/2        2389.8(1)          1.23645(62)           0.0066642(99)    1.1348(11)E+05         2389.8        0.1   0.00    1.23645    0.00062    0.05      0.0066642     0.0000099    0.15  1.1348E+05  1.1E+02    0.10
 9p1/2   8s1/2        5411.0(5)           2.7563(14)           0.0028529(43)    4.8579(50)E+04         5411.0        0.5   0.01     2.7563     0.0014    0.05      0.0028529     0.0000043    0.15  4.8579E+04  5.0E+01    0.10
 9p1/2   9s1/2        37460(20)           46.116(23)           0.0024068(58)    4.0982(88)E+04         37462         24    0.06     46.116      0.023    0.05      0.0024068     0.0000058    0.24  4.0982E+04  8.8E+01    0.22
 9p1/2   3d3/2      230.6876(8)         0.079221(40)            0.030415(44)    5.1790(52)E+05       230.6876     0.0008   0.00   0.079221   0.000040    0.05       0.030415      0.000044    0.15  5.1790E+05  5.2E+02    0.10
 9p1/2   4d3/2       454.917(3)          0.22551(11)            0.032137(47)    5.4722(55)E+05        454.917      0.003   0.00    0.22551    0.00011    0.05       0.032137      0.000047    0.15  5.4722E+05  5.5E+02    0.10
 9p1/2   5d3/2        826.92(1)          0.52502(26)            0.029003(42)    4.9386(49)E+05         826.92       0.01   0.00    0.52502    0.00026    0.05       0.029003      0.000042    0.15  4.9386E+05  4.9E+02    0.10
 9p1/2   6d3/2       1487.63(3)          1.19520(60)            0.025815(38)    4.3958(44)E+05        1487.63       0.03   0.00    1.19520    0.00060    0.05       0.025815      0.000038    0.15  4.3958E+05  4.4E+02    0.10
 9p1/2   7d3/2        2870.2(1)           3.0605(15)            0.023567(35)    4.0130(40)E+05         2870.2        0.1   0.00     3.0605     0.0015    0.05       0.023567      0.000035    0.15  4.0130E+05  4.0E+02    0.10
 9p1/2   8d3/2        7232.4(8)          11.9470(60)            0.022446(34)    3.8221(40)E+05         7232.4        0.8   0.01    11.9470     0.0060    0.05       0.022446      0.000034    0.15  3.8221E+05  4.0E+02    0.10
10p1/2   2s1/2       70.2004(2)         0.050620(51)             0.59098(51)    7.503(15)E+06         70.2004     0.0002   0.00   0.050620   0.000051    0.10        0.59098       0.00051    0.09  7.5034E+06  1.5E+04    0.20
10p1/2   3s1/2      184.4427(4)         0.103238(77)             0.13553(24)    1.7208(26)E+06       184.4427     0.0004   0.00   0.103237   0.000077    0.07        0.13553       0.00024    0.18  1.7208E+06  2.6E+03    0.15
10p1/2   4s1/2       370.578(2)          0.18018(13)            0.050899(94)    6.4624(94)E+05        370.578      0.002   0.00    0.18018    0.00013    0.07       0.050899      0.000094    0.18  6.4624E+05  9.4E+02    0.15
10p1/2   5s1/2       661.630(7)          0.29639(20)            0.024201(43)    3.0727(41)E+05        661.630      0.007   0.00    0.29639    0.00020    0.07       0.024201      0.000043    0.18  3.0727E+05  4.1E+02    0.13
10p1/2   6s1/2       1124.50(2)          0.48359(26)            0.013123(21)    1.6662(18)E+05        1124.50       0.02   0.00    0.48359    0.00026    0.05       0.013123      0.000021    0.16  1.6662E+05  1.8E+02    0.11
10p1/2   7s1/2       1911.86(6)          0.81673(41)            0.007616(12)    9.6700(97)E+04        1911.86       0.06   0.00    0.81673    0.00041    0.05       0.007616      0.000012    0.16  9.6700E+04  9.7E+01    0.10
10p1/2   8s1/2        3455.3(2)          1.50852(75)           0.0044017(70)    5.5886(57)E+04         3455.3        0.2   0.01    1.50852    0.00075    0.05      0.0044017     0.0000070    0.16  5.5886E+04  5.7E+01    0.10
10p1/2   9s1/2          7616(1)           3.3181(17)           0.0019885(32)    2.5247(27)E+04          7616          1    0.01     3.3181     0.0017    0.05      0.0019885     0.0000032    0.16  2.5247E+04  2.7E+01    0.11
10p1/2  10s1/2        51690(50)           57.091(29)           0.0018831(58)    2.3909(67)E+04         51690         45    0.09     57.091      0.029    0.05      0.0018831     0.0000058    0.31  2.3909E+04  6.7E+01    0.28
10p1/2   3d3/2      225.2520(8)         0.064631(39)            0.029163(49)    3.7027(45)E+05       225.2520     0.0008   0.00   0.064631   0.000039    0.06       0.029163      0.000049    0.17  3.7027E+05  4.5E+02    0.12
10p1/2   4d3/2       434.252(3)         0.176928(89)            0.030502(48)    3.8726(39)E+05        434.252      0.003   0.00   0.176928   0.000088    0.05       0.030502      0.000048    0.16  3.8726E+05  3.9E+02    0.10
10p1/2   5d3/2       761.083(9)          0.38729(19)            0.027148(42)    3.4468(34)E+05        761.083      0.009   0.00    0.38729    0.00019    0.05       0.027148      0.000042    0.16  3.4468E+05  3.4E+02    0.10
10p1/2   6d3/2       1287.31(3)          0.79602(40)            0.023700(37)    3.0091(30)E+05        1287.31       0.03   0.00    0.79602    0.00040    0.05       0.023700      0.000037    0.16  3.0091E+05  3.0E+02    0.10
10p1/2   7d3/2       2207.44(7)          1.68415(84)            0.021040(33)    2.6713(27)E+05        2207.44       0.07   0.00    1.68415    0.00084    0.05       0.021040      0.000033    0.16  2.6713E+05  2.7E+02    0.10
10p1/2   8d3/2        4117.4(2)           4.1105(21)            0.019314(30)    2.4522(25)E+05         4117.4        0.2   0.01     4.1105     0.0021    0.05       0.019314      0.000030    0.16  2.4522E+05  2.5E+02    0.10
10p1/2   9d3/2         10120(1)          15.5024(78)            0.018502(30)    2.3491(26)E+05         10120          1    0.01    15.5024     0.0078    0.05       0.018502      0.000030    0.16  2.3491E+05  2.6E+02    0.11
 2p3/2   2s1/2       313.133(4)           2.6172(13)              1.0           1.1301(11)E+08        313.133      0.004   0.00     2.6172     0.0013    0.05  1.00000000000 0.00000000000    0.00  1.1301E+08  1.1E+05    0.10
 3p3/2   2s1/2      103.6299(3)          0.61453(31)            0.931650(90)    1.7189(17)E+08       103.6299     0.0003   0.00    0.61453    0.00031    0.05       0.931650      0.000090    0.01  1.7189E+08  1.7E+05    0.10
 3p3/2   3s1/2      1209.867(3)           6.6400(33)            0.068350(90)    1.2610(13)E+07       1209.867      0.003   0.00     6.6400     0.0033    0.05       0.068350      0.000090    0.13  1.2610E+07  1.3E+04    0.10
 4p3/2   2s1/2       84.2025(2)          0.33975(17)             0.79131(20)    9.7936(98)E+07        84.2025     0.0002   0.00    0.33975    0.00017    0.05        0.79131       0.00020    0.02  9.7936E+07  9.8E+04    0.10
 4p3/2   3s1/2       327.553(1)          0.99068(50)             0.11430(14)    1.4146(14)E+07        327.553      0.001   0.00    0.99068    0.00050    0.05        0.11430       0.00014    0.12  1.4146E+07  1.4E+04    0.10
 4p3/2   4s1/2        3033.2(1)          12.2927(61)            0.022162(28)    2.7429(28)E+06         3033.2        0.1   0.00    12.2927     0.0061    0.05       0.022162      0.000028    0.13  2.7429E+06  2.8E+03    0.10
 4p3/2   3d3/2       482.934(3)          0.44581(22)           0.0072218(92)    8.9380(89)E+05        482.934      0.003   0.00    0.44581    0.00022    0.05      0.0072218     0.0000092    0.13  8.9380E+05  8.9E+02    0.10
 4p3/2   3d5/2       482.947(3)          1.33755(67)            0.065003(80)    8.0450(80)E+06        482.947      0.003   0.00    1.33755    0.00067    0.05       0.065003      0.000080    0.12  8.0450E+06  8.0E+03    0.10
 5p3/2   2s1/2       77.5362(2)          0.22486(11)             0.70999(23)    5.4945(55)E+07        77.5362     0.0002   0.00    0.22486    0.00011    0.05        0.70999       0.00023    0.03  5.4945E+07  5.5E+04    0.10
 5p3/2   3s1/2      245.4582(5)          0.55720(28)             0.13741(15)    1.0634(11)E+07       245.4582     0.0005   0.00    0.55720    0.00028    0.05        0.13741       0.00015    0.11  1.0634E+07  1.1E+04    0.10
 5p3/2   4s1/2       740.323(6)          1.43191(72)            0.033074(40)    2.5596(26)E+06        740.323      0.006   0.00    1.43191    0.00072    0.05       0.033074      0.000040    0.12  2.5596E+06  2.6E+03    0.10
 5p3/2   5s1/2        6109.0(4)          19.5878(98)            0.011015(14)    8.5245(87)E+05         6109.0        0.4   0.01    19.5878     0.0098    0.05       0.011015      0.000014    0.12  8.5245E+05  8.7E+02    0.10
 5p3/2   3d3/2       323.442(1)         0.159297(80)           0.0049085(60)    3.7987(38)E+05        323.442      0.001   0.00   0.159297   0.000080    0.05      0.0049085     0.0000060    0.12  3.7987E+05  3.8E+02    0.10
 5p3/2   3d5/2       323.447(1)          0.47793(24)            0.044181(53)    3.4191(34)E+06        323.447      0.001   0.00    0.47793    0.00024    0.05       0.044181      0.000053    0.12  3.4191E+06  3.4E+03    0.10
 5p3/2   4d3/2       1047.03(1)          1.02082(51)           0.0059423(73)    4.5987(46)E+05        1047.03       0.01   0.00    1.02082    0.00051    0.05      0.0059423     0.0000073    0.12  4.5987E+05  4.6E+02    0.10
 5p3/2   4d5/2       1047.05(1)           3.0628(15)            0.053486(64)    4.1393(41)E+06        1047.05       0.01   0.00     3.0628     0.0015    0.05       0.053486      0.000064    0.12  4.1393E+06  4.1E+03    0.10
 6p3/2   2s1/2       74.3574(2)         0.163930(85)             0.66364(25)    3.3109(34)E+07        74.3574     0.0002   0.00   0.163930   0.000085    0.05        0.66364       0.00025    0.04  3.3109E+07  3.4E+04    0.10
 6p3/2   3s1/2      216.1989(6)          0.37339(19)             0.14007(15)    6.9883(70)E+06       216.1989     0.0006   0.00    0.37339    0.00019    0.05        0.14007       0.00015    0.11  6.9883E+06  7.0E+03    0.10
 6p3/2   4s1/2       525.730(4)          0.80418(40)            0.045187(54)    2.2544(23)E+06        525.730      0.004   0.00    0.80418    0.00040    0.05       0.045187      0.000054    0.12  2.2544E+06  2.3E+03    0.10
 6p3/2   5s1/2       1398.51(3)          1.94156(97)            0.013993(17)    6.9810(70)E+05        1398.51       0.03   0.00    1.94156    0.00097    0.05       0.013993      0.000017    0.12  6.9810E+05  7.0E+02    0.10
 6p3/2   6s1/2         10762(2)           28.527(14)           0.0066283(87)    3.3069(37)E+05         10762          2    0.02     28.527      0.014    0.05      0.0066283     0.0000087    0.13  3.3069E+05  3.7E+02    0.11
 6p3/2   3d3/2       274.491(1)         0.090022(45)           0.0039784(49)    1.9848(20)E+05        274.491      0.001   0.00   0.090022   0.000045    0.05      0.0039784     0.0000049    0.12  1.9848E+05  2.0E+02    0.10
 6p3/2   3d5/2       274.495(1)          0.27008(14)            0.035809(43)    1.7865(18)E+06        274.495      0.001   0.00    0.27008    0.00014    0.05       0.035809      0.000043    0.12  1.7865E+06  1.8E+03    0.10
 6p3/2   4d3/2       663.816(6)          0.36120(18)           0.0045283(55)    2.2592(23)E+05        663.816      0.006   0.00    0.36119    0.00018    0.05      0.0045283     0.0000055    0.12  2.2592E+05  2.3E+02    0.10
 6p3/2   4d5/2       663.827(6)          1.08367(54)            0.040759(48)    2.0335(20)E+06        663.827      0.006   0.00    1.08367    0.00054    0.05       0.040759      0.000048    0.12  2.0335E+06  2.0E+03    0.10
 6p3/2   5d3/2       1932.19(6)          1.79595(90)           0.0045397(55)    2.2649(23)E+05        1932.19       0.06   0.00    1.79595    0.00090    0.05      0.0045397     0.0000055    0.12  2.2649E+05  2.3E+02    0.10
 6p3/2   5d5/2       1932.23(6)           5.3883(27)            0.040862(49)    2.0386(20)E+06        1932.23       0.06   0.00     5.3883     0.0027    0.05       0.040862      0.000049    0.12  2.0386E+06  2.0E+03    0.10
 7p3/2   2s1/2       72.5710(2)         0.126790(78)             0.63464(30)    2.1305(26)E+07        72.5710     0.0002   0.00   0.126790   0.000078    0.06        0.63464       0.00030    0.05  2.1305E+07  2.6E+04    0.12
 7p3/2   3s1/2      201.7585(5)          0.27537(14)             0.13931(16)    4.6769(47)E+06       201.7585     0.0005   0.00    0.27537    0.00014    0.05        0.13931       0.00016    0.12  4.6769E+06  4.7E+03    0.10
 7p3/2   4s1/2       447.794(3)          0.53910(27)            0.048837(61)    1.6395(16)E+06        447.794      0.003   0.00    0.53910    0.00027    0.05       0.048837      0.000061    0.12  1.6395E+06  1.6E+03    0.10
 7p3/2   5s1/2        955.93(1)          1.08421(54)            0.020304(26)    6.8163(68)E+05         955.93       0.01   0.00    1.08421    0.00054    0.05       0.020304      0.000026    0.13  6.8163E+05  6.8E+02    0.10
 7p3/2   6s1/2       2358.67(9)           2.5221(13)           0.0073141(94)    2.4554(25)E+05        2358.67       0.09   0.00     2.5221     0.0013    0.05      0.0073141     0.0000094    0.13  2.4554E+05  2.5E+02    0.10
 7p3/2   7s1/2         17321(5)           39.112(20)           0.0044418(69)    1.4912(20)E+05         17321          5    0.03     39.112      0.020    0.05      0.0044418     0.0000069    0.16  1.4912E+05  2.0E+02    0.13
 7p3/2   3d3/2       251.626(1)         0.060818(30)           0.0035030(45)    1.1760(12)E+05        251.626      0.001   0.00   0.060818   0.000030    0.05      0.0035030     0.0000045    0.13  1.1760E+05  1.2E+02    0.10
 7p3/2   3d5/2       251.629(1)         0.182466(91)            0.031530(40)    1.0585(11)E+06        251.629      0.001   0.00   0.182466   0.000091    0.05       0.031530      0.000040    0.13  1.0585E+06  1.1E+03    0.10
 7p3/2   4d3/2       544.220(4)          0.20260(10)           0.0038425(49)    1.2900(13)E+05        544.220      0.004   0.00    0.20260    0.00010    0.05      0.0038425     0.0000049    0.13  1.2900E+05  1.3E+02    0.10
 7p3/2   4d5/2       544.227(4)          0.60785(30)            0.034586(43)    1.1611(12)E+06        544.227      0.004   0.00    0.60785    0.00030    0.05       0.034586      0.000043    0.13  1.1611E+06  1.2E+03    0.10
 7p3/2   5d3/2       1178.41(2)          0.62995(32)           0.0036589(47)    1.2283(12)E+05        1178.41       0.02   0.00    0.62994    0.00032    0.05      0.0036589     0.0000047    0.13  1.2283E+05  1.2E+02    0.10
 7p3/2   5d5/2       1178.43(2)          1.88997(95)            0.032934(41)    1.1056(11)E+06        1178.43       0.02   0.00    1.88997    0.00094    0.05       0.032934      0.000041    0.13  1.1056E+06  1.1E+03    0.10
 7p3/2   6d3/2        3210.3(2)           2.7743(14)           0.0035101(45)    1.1784(12)E+05         3210.3        0.2   0.01     2.7743     0.0014    0.05      0.0035101     0.0000045    0.13  1.1784E+05  1.2E+02    0.10
 7p3/2   6d5/2        3210.3(2)           8.3230(42)            0.031591(40)    1.0605(11)E+06         3210.3        0.2   0.01     8.3230     0.0042    0.05       0.031591      0.000040    0.13  1.0605E+06  1.1E+03    0.10
 8p3/2   2s1/2       71.4601(2)         0.102049(77)             0.61512(37)    1.4456(22)E+07        71.4601     0.0002   0.00   0.102049   0.000077    0.08        0.61512       0.00037    0.06  1.4456E+07  2.2E+04    0.15
 8p3/2   3s1/2      193.4002(7)          0.21518(11)             0.13797(18)    3.2423(33)E+06       193.4002     0.0007   0.00    0.21518    0.00011    0.05        0.13797       0.00018    0.13  3.2423E+06  3.3E+03    0.10
 8p3/2   4s1/2       408.601(4)          0.39849(20)            0.050174(67)    1.1791(12)E+06        408.601      0.004   0.00    0.39849    0.00020    0.05       0.050174      0.000067    0.13  1.1791E+06  1.2E+03    0.10
 8p3/2   5s1/2        793.46(1)          0.72394(36)            0.022613(31)    5.3142(53)E+05         793.46       0.01   0.00    0.72394    0.00036    0.05       0.022613      0.000031    0.14  5.3142E+05  5.3E+02    0.10
 8p3/2   6s1/2       1566.97(5)          1.39855(70)            0.010957(15)    2.5750(26)E+05        1566.97       0.05   0.00    1.39855    0.00070    0.05       0.010957      0.000015    0.14  2.5750E+05  2.6E+02    0.10
 8p3/2   7s1/2        3677.3(3)           3.1733(16)           0.0043650(61)    1.0258(11)E+05         3677.3        0.3   0.01     3.1733     0.0016    0.05      0.0043650     0.0000061    0.14  1.0258E+05  1.1E+02    0.10
 8p3/2   8s1/2        26110(20)           51.342(26)           0.0031926(73)    7.503(16)E+04          26108         16    0.06     51.342      0.026    0.05      0.0031926     0.0000073    0.23  7.5027E+04  1.6E+02    0.21
 8p3/2   3d3/2       238.757(1)         0.045110(23)           0.0032226(44)    7.5733(76)E+04        238.757      0.001   0.00   0.045110   0.000023    0.05      0.0032226     0.0000044    0.14  7.5733E+04  7.6E+01    0.10
 8p3/2   3d5/2       238.760(1)         0.135339(68)            0.029006(39)    6.8166(68)E+05        238.760      0.001   0.00   0.135339   0.000068    0.05       0.029006      0.000039    0.14  6.8166E+05  6.8E+02    0.10
 8p3/2   4d3/2       487.401(5)         0.136253(68)           0.0034559(47)    8.1216(81)E+04        487.401      0.005   0.00   0.136253   0.000068    0.05      0.0034559     0.0000047    0.14  8.1216E+04  8.1E+01    0.10
 8p3/2   4d5/2       487.407(5)          0.40879(20)            0.031106(42)    7.3101(73)E+05        487.407      0.005   0.00    0.40879    0.00020    0.05       0.031106      0.000042    0.14  7.3101E+05  7.3E+02    0.10
 8p3/2   5d3/2        940.91(2)          0.35081(18)           0.0031844(44)    7.4835(75)E+04         940.91       0.02   0.00    0.35081    0.00018    0.05      0.0031844     0.0000044    0.14  7.4835E+04  7.5E+01    0.10
 8p3/2   5d5/2        940.92(2)          1.05249(53)            0.028662(39)    6.7358(67)E+05         940.92       0.02   0.00    1.05249    0.00053    0.05       0.028662      0.000039    0.14  6.7358E+05  6.7E+02    0.10
 8p3/2   6d3/2       1902.21(8)          0.96579(48)           0.0029209(40)    6.8642(69)E+04        1902.21       0.08   0.00    0.96579    0.00048    0.05      0.0029209     0.0000040    0.14  6.8642E+04  6.9E+01    0.10
 8p3/2   6d5/2       1902.21(8)           2.8973(14)            0.026288(36)    6.1777(62)E+05        1902.21       0.08   0.00     2.8973     0.0014    0.05       0.026288      0.000036    0.14  6.1777E+05  6.2E+02    0.10
 8p3/2   7d3/2        4952.9(5)           3.9558(20)           0.0027761(39)    6.5238(69)E+04         4952.9        0.5   0.01     3.9558     0.0020    0.05      0.0027761     0.0000039    0.14  6.5238E+04  6.9E+01    0.11
 8p3/2   7d5/2        4952.9(5)          11.8675(59)            0.024984(35)    5.8714(62)E+05         4952.9        0.5   0.01    11.8675     0.0059    0.05       0.024984      0.000035    0.14  5.8714E+05  6.2E+02    0.11
 9p3/2   2s1/2       70.7197(2)         0.084536(76)             0.60127(45)    1.0234(18)E+07        70.7197     0.0002   0.00   0.084535   0.000076    0.09        0.60127       0.00045    0.07  1.0234E+07  1.8E+04    0.18
 9p3/2   3s1/2      188.0710(4)          0.17478(11)             0.13666(21)    2.3262(30)E+06       188.0710     0.0004   0.00    0.17478    0.00011    0.06        0.13666       0.00021    0.16  2.3262E+06  3.0E+03    0.13
 9p3/2   4s1/2       385.522(2)          0.31244(19)            0.050697(81)    8.629(11)E+05         385.522      0.002   0.00    0.31244    0.00019    0.06       0.050697      0.000081    0.16  8.6294E+05  1.1E+03    0.12
 9p3/2   5s1/2       710.823(8)          0.53437(29)            0.023659(36)    4.0272(44)E+05        710.823      0.008   0.00    0.53437    0.00029    0.05       0.023659      0.000036    0.15  4.0272E+05  4.4E+02    0.11
 9p3/2   6s1/2       1274.39(3)          0.92891(46)            0.012407(18)    2.1118(21)E+05        1274.39       0.03   0.00    0.92891    0.00046    0.05       0.012407      0.000018    0.15  2.1118E+05  2.1E+02    0.10
 9p3/2   7s1/2        2389.8(1)          1.74780(87)           0.0066609(99)    1.1338(11)E+05         2389.8        0.1   0.00    1.74780    0.00087    0.05      0.0066609     0.0000099    0.15  1.1338E+05  1.1E+02    0.10
 9p3/2   8s1/2        5410.8(5)           3.8954(19)           0.0028505(43)    4.8520(50)E+04         5410.8        0.5   0.01     3.8954     0.0019    0.05      0.0028505     0.0000043    0.15  4.8520E+04  5.0E+01    0.10
 9p3/2   9s1/2        37450(20)           65.217(33)           0.0024095(58)    4.1013(88)E+04         37452         24    0.06     65.217      0.033    0.05      0.0024095     0.0000058    0.24  4.1013E+04  8.8E+01    0.22
 9p3/2   3d3/2      230.6872(8)         0.035421(18)           0.0030412(45)    5.1766(52)E+04       230.6872     0.0008   0.00   0.035421   0.000018    0.05      0.0030412     0.0000045    0.15  5.1766E+04  5.2E+01    0.10
 9p3/2   3d5/2      230.6900(8)         0.106268(54)            0.027374(40)    4.6594(47)E+05       230.6900     0.0008   0.00   0.106268   0.000053    0.05       0.027374      0.000040    0.15  4.6594E+05  4.7E+02    0.10
 9p3/2   4d3/2       454.915(3)         0.100829(50)           0.0032136(48)    5.4700(55)E+04        454.915      0.003   0.00   0.100829   0.000050    0.05      0.0032136     0.0000048    0.15  5.4700E+04  5.5E+01    0.10
 9p3/2   4d5/2       454.920(3)          0.30251(15)            0.028925(42)    4.9235(49)E+05        454.920      0.003   0.00    0.30251    0.00015    0.05       0.028925      0.000042    0.15  4.9235E+05  4.9E+02    0.10
 9p3/2   5d3/2        826.91(1)          0.23475(12)           0.0029003(43)    4.9367(49)E+04         826.91       0.01   0.00    0.23475    0.00012    0.05      0.0029003     0.0000043    0.15  4.9367E+04  4.9E+01    0.10
 9p3/2   5d5/2        826.92(1)          0.70429(35)            0.026105(38)    4.4435(44)E+05         826.92       0.01   0.00    0.70429    0.00035    0.05       0.026105      0.000038    0.15  4.4435E+05  4.4E+02    0.10
 9p3/2   6d3/2       1487.62(3)          0.53441(27)           0.0025816(38)    4.3942(44)E+04        1487.62       0.03   0.00    0.53441    0.00027    0.05      0.0025816     0.0000038    0.15  4.3942E+04  4.4E+01    0.10
 9p3/2   6d5/2       1487.62(3)          1.60322(80)            0.023234(34)    3.9548(40)E+05        1487.62       0.03   0.00    1.60322    0.00080    0.05       0.023234      0.000034    0.15  3.9548E+05  4.0E+02    0.10
 9p3/2   7d3/2        2870.1(1)          1.36840(68)           0.0023568(35)    4.0117(40)E+04         2870.1        0.1   0.00    1.36840    0.00068    0.05      0.0023568     0.0000035    0.15  4.0117E+04  4.0E+01    0.10
 9p3/2   7d5/2        2870.1(1)           4.1052(21)            0.021211(31)    3.6105(36)E+05         2870.1        0.1   0.00     4.1052     0.0021    0.05       0.021211      0.000031    0.15  3.6105E+05  3.6E+02    0.10
 9p3/2   8d3/2        7232.1(8)           5.3415(27)           0.0022447(34)    3.8208(40)E+04         7232.1        0.8   0.01     5.3415     0.0027    0.05      0.0022447     0.0000034    0.15  3.8208E+04  4.0E+01    0.10
 9p3/2   8d5/2        7232.1(8)          16.0246(80)            0.020202(30)    3.4387(36)E+05         7232.1        0.8   0.01    16.0246     0.0080    0.05       0.020202      0.000030    0.15  3.4387E+05  3.6E+02    0.10
10p3/2   2s1/2       70.2004(2)         0.071576(73)             0.59101(51)    7.501(15)E+06         70.2004     0.0002   0.00   0.071576   0.000073    0.10        0.59101       0.00051    0.09  7.5011E+06  1.5E+04    0.20
10p3/2   3s1/2      184.4425(4)          0.14597(11)             0.13552(24)    1.7200(26)E+06       184.4425     0.0004   0.00    0.14597    0.00011    0.07        0.13552       0.00024    0.18  1.7200E+06  2.6E+03    0.15
10p3/2   4s1/2       370.577(2)          0.25474(19)            0.050890(94)    6.4590(94)E+05        370.577      0.002   0.00    0.25474    0.00019    0.07       0.050890      0.000094    0.18  6.4590E+05  9.4E+02    0.15
10p3/2   5s1/2       661.628(7)          0.41903(28)            0.024195(43)    3.0709(41)E+05        661.628      0.007   0.00    0.41903    0.00028    0.07       0.024195      0.000043    0.18  3.0709E+05  4.1E+02    0.13
10p3/2   6s1/2       1124.49(2)          0.68367(37)            0.013119(21)    1.6651(18)E+05        1124.49       0.02   0.00    0.68367    0.00037    0.05       0.013119      0.000021    0.16  1.6651E+05  1.8E+02    0.11
10p3/2   7s1/2       1911.84(6)          1.15457(58)            0.007613(12)    9.6627(97)E+04        1911.84       0.06   0.00    1.15457    0.00058    0.05       0.007613      0.000012    0.16  9.6627E+04  9.7E+01    0.10
10p3/2   8s1/2        3455.2(2)           2.1324(11)           0.0043993(70)    5.5836(57)E+04         3455.2        0.2   0.01     2.1324     0.0011    0.05      0.0043993     0.0000070    0.16  5.5836E+04  5.7E+01    0.10
10p3/2   9s1/2          7616(1)           4.6894(23)           0.0019868(32)    2.5216(27)E+04          7616          1    0.01     4.6894     0.0023    0.05      0.0019868     0.0000032    0.16  2.5216E+04  2.7E+01    0.11
10p3/2  10s1/2        51680(50)           80.738(40)           0.0018852(58)    2.3926(67)E+04         51677         45    0.09     80.738      0.040    0.05      0.0018852     0.0000058    0.31  2.3926E+04  6.7E+01    0.28
10p3/2   3d3/2      225.2517(8)         0.028898(18)           0.0029161(50)    3.7011(45)E+04       225.2517     0.0008   0.00   0.028898   0.000018    0.06      0.0029161     0.0000050    0.17  3.7011E+04  4.5E+01    0.12
10p3/2   3d5/2      225.2544(8)         0.086698(53)            0.026247(45)    3.3312(41)E+05       225.2544     0.0008   0.00   0.086698   0.000053    0.06       0.026247      0.000045    0.17  3.3312E+05  4.1E+02    0.12
10p3/2   4d3/2       434.251(3)         0.079109(40)           0.0030500(48)    3.8711(39)E+04        434.251      0.003   0.00   0.079109   0.000040    0.05      0.0030500     0.0000048    0.16  3.8711E+04  3.9E+01    0.10
10p3/2   4d5/2       434.256(3)          0.23734(12)            0.027453(43)    3.4843(35)E+05        434.256      0.003   0.00    0.23734    0.00012    0.05       0.027453      0.000043    0.16  3.4843E+05  3.5E+02    0.10
10p3/2   5d3/2       761.080(9)         0.173169(87)           0.0027148(43)    3.4455(34)E+04        761.080      0.009   0.00   0.173169   0.000087    0.05      0.0027148     0.0000043    0.16  3.4455E+04  3.4E+01    0.10
10p3/2   5d5/2       761.087(9)          0.51954(26)            0.024435(38)    3.1013(31)E+05        761.087      0.009   0.00    0.51954    0.00026    0.05       0.024435      0.000038    0.16  3.1013E+05  3.1E+02    0.10
10p3/2   6d3/2       1287.30(3)          0.35593(18)           0.0023701(37)    3.0081(30)E+04        1287.30       0.03   0.00    0.35592    0.00018    0.05      0.0023701     0.0000037    0.16  3.0081E+04  3.0E+01    0.10
10p3/2   6d5/2       1287.30(3)          1.06777(53)            0.021330(33)    2.7072(27)E+05        1287.30       0.03   0.00    1.06777    0.00053    0.05       0.021330      0.000033    0.16  2.7072E+05  2.7E+02    0.10
10p3/2   7d3/2       2207.42(7)          0.75304(38)           0.0021041(33)    2.6705(27)E+04        2207.42       0.07   0.00    0.75304    0.00038    0.05      0.0021041     0.0000033    0.16  2.6705E+04  2.7E+01    0.10
10p3/2   7d5/2       2207.42(7)           2.2591(11)            0.018937(30)    2.4034(24)E+05        2207.42       0.07   0.00     2.2591     0.0011    0.05       0.018937      0.000030    0.16  2.4034E+05  2.4E+02    0.10
10p3/2   8d3/2        4117.3(2)          1.83793(92)           0.0019315(31)    2.4515(25)E+04         4117.3        0.2   0.01    1.83793    0.00092    0.05      0.0019315     0.0000031    0.16  2.4515E+04  2.5E+01    0.10
10p3/2   8d5/2        4117.3(2)           5.5138(28)            0.017384(27)    2.2063(22)E+05         4117.3        0.2   0.01     5.5138     0.0028    0.05       0.017384      0.000027    0.16  2.2063E+05  2.2E+02    0.10
10p3/2   9d3/2         10119(1)           6.9312(35)           0.0018503(30)    2.3483(26)E+04         10119          1    0.01     6.9312     0.0035    0.05      0.0018503     0.0000030    0.16  2.3483E+04  2.6E+01    0.11
10p3/2   9d5/2         10119(1)           20.794(10)            0.016652(27)    2.1135(23)E+05         10119          1    0.01     20.794      0.010    0.05       0.016652      0.000027    0.16  2.1135E+05  2.3E+02    0.11
 3d3/2   2p1/2      151.2268(7)           2.5084(13)             0.83329(20)    9.2157(92)E+08       151.2268     0.0007   0.00     2.5084     0.0013    0.05        0.83329       0.00020    0.02  9.2157E+08  9.2E+05    0.10
 3d3/2   2p3/2      151.2419(7)          1.12191(56)             0.16664(20)    1.8429(18)E+08       151.2419     0.0007   0.00    1.12191    0.00056    0.05        0.16664       0.00020    0.12  1.8429E+08  1.8E+05    0.10
 3d3/2   3p1/2        6413.5(4)           5.8534(29)         0.000059485(79)    6.5786(67)E+04         6413.5        0.4   0.01     5.8534     0.0029    0.05    0.000059485   0.000000079    0.13  6.5786E+04  6.7E+01    0.10
 3d3/2   3p3/2        6421.4(4)           2.6177(13)         0.000011853(16)    1.3108(13)E+04         6421.4        0.4   0.01     2.6177     0.0013    0.05    0.000011853   0.000000016    0.13  1.3108E+04  1.3E+01    0.10
 4d3/2   2p1/2      114.2956(4)          0.96084(48)             0.64711(27)    3.1320(31)E+08       114.2956     0.0004   0.00    0.96084    0.00048    0.05        0.64711       0.00027    0.04  3.1320E+08  3.1E+05    0.10
 4d3/2   2p3/2      114.3042(4)          0.42971(21)             0.12940(14)    6.2627(63)E+07       114.3042     0.0004   0.00    0.42971    0.00021    0.05        0.12940       0.00014    0.11  6.2627E+07  6.3E+04    0.10
 4d3/2   3p1/2       436.189(1)           3.8426(19)             0.18620(20)    9.0122(90)E+07        436.189      0.001   0.00     3.8426     0.0019    0.05        0.18620       0.00020    0.10  9.0122E+07  9.0E+04    0.10
 4d3/2   3p3/2       436.226(1)          1.71872(86)            0.037243(44)    1.8025(18)E+07        436.226      0.001   0.00    1.71872    0.00086    0.05       0.037243      0.000044    0.12  1.8025E+07  1.8E+04    0.10
 4d3/2   4p1/2         15136(2)          12.0562(60)         0.000043871(57)    2.1234(24)E+04         15136          2    0.02    12.0562     0.0060    0.05    0.000043871   0.000000057    0.13  2.1234E+04  2.4E+01    0.11
 4d3/2   4p3/2         15154(2)           5.3917(27)         0.000008742(11)    4.2311(47)E+03         15154          2    0.02     5.3917     0.0027    0.05    0.000008742   0.000000011    0.13  4.2311E+03  4.7E+00    0.11
 5d3/2   2p1/2      102.6890(3)           0.5596(16)              0.5774(14)    1.4649(83)E+08       102.6890     0.0003   0.00     0.5596     0.0016    0.28         0.5774        0.0014    0.25  1.4649E+08  8.3E+05    0.57
 5d3/2   2p3/2      102.6960(3)          0.25026(71)             0.11546(69)    2.929(17)E+07        102.6960     0.0003   0.00    0.25026    0.00071    0.28        0.11546       0.00069    0.60  2.9290E+07  1.7E+05    0.57
 5d3/2   3p1/2      304.7408(8)          1.60897(80)             0.18265(63)    4.6335(46)E+07       304.7408     0.0008   0.00    1.60897    0.00080    0.05        0.18265       0.00063    0.34  4.6335E+07  4.6E+04    0.10
 5d3/2   3p3/2      304.7587(8)          0.71961(36)             0.03653(13)    9.2668(93)E+06       304.7587     0.0008   0.00    0.71961    0.00036    0.05        0.03653       0.00013    0.35  9.2668E+06  9.3E+03    0.10
 5d3/2   4p1/2        947.90(1)           5.4853(27)             0.07054(25)    1.7895(18)E+07         947.90       0.01   0.00     5.4853     0.0027    0.05        0.07054       0.00025    0.35  1.7895E+07  1.8E+04    0.10
 5d3/2   4p3/2        947.97(1)           2.4536(12)            0.014110(49)    3.5795(36)E+06         947.97       0.01   0.00     2.4536     0.0012    0.05       0.014110      0.000049    0.35  3.5795E+06  3.6E+03    0.10
 5d3/2   4f5/2       1013.83(2)          1.30482(65)            0.003262(11)    8.2757(83)E+05        1013.83       0.02   0.00    1.30482    0.00065    0.05       0.003262      0.000011    0.35  8.2757E+05  8.3E+02    0.10
 5d3/2   5p1/2        29540(10)           19.905(10)          0.00003068(11)    7.784(11)E+03          29541         11    0.04     19.905      0.010    0.05     0.00003068    0.00000011    0.37  7.7844E+03  1.1E+01    0.15
 5d3/2   5p3/2        29580(10)           8.9016(45)         0.000006114(22)    1.5510(23)E+03         29579         11    0.04     8.9016     0.0045    0.05    0.000006114   0.000000022    0.37  1.5510E+03  2.3E+00    0.15
 6d3/2   2p1/2       97.3213(3)          0.38368(90)              0.5422(12)    8.089(38)E+07         97.3213     0.0003   0.00    0.38368    0.00090    0.23         0.5422        0.0012    0.22  8.0895E+07  3.8E+05    0.47
 6d3/2   2p3/2       97.3276(3)          0.17158(40)             0.10842(53)    1.6175(76)E+07        97.3276     0.0003   0.00    0.17158    0.00040    0.23        0.10842       0.00053    0.49  1.6175E+07  7.6E+04    0.47
 6d3/2   3p1/2      261.8775(7)          0.96610(48)             0.17645(48)    2.6324(26)E+07       261.8775     0.0007   0.00    0.96610    0.00048    0.05        0.17645       0.00048    0.27  2.6324E+07  2.6E+04    0.10
 6d3/2   3p3/2      261.8907(7)          0.43207(22)            0.035288(98)    5.2645(53)E+06       261.8907     0.0007   0.00    0.43207    0.00022    0.05       0.035288      0.000098    0.28  5.2645E+06  5.3E+03    0.10
 6d3/2   4p1/2       628.115(5)           2.3276(12)             0.07423(20)    1.1074(11)E+07        628.115      0.005   0.00     2.3276     0.0012    0.05        0.07423       0.00020    0.28  1.1074E+07  1.1E+04    0.10
 6d3/2   4p3/2       628.147(5)          1.04104(52)            0.014847(41)    2.2149(22)E+06        628.147      0.005   0.00    1.04104    0.00052    0.05       0.014847      0.000041    0.28  2.2149E+06  2.2E+03    0.10
 6d3/2   5p1/2       1751.46(4)           7.4304(37)            0.034890(97)    5.2051(52)E+06        1751.46       0.04   0.00     7.4304     0.0037    0.05       0.034890      0.000097    0.28  5.2051E+06  5.2E+03    0.10
 6d3/2   5p3/2       1751.59(4)           3.3237(17)            0.006979(19)    1.0412(10)E+06        1751.59       0.04   0.00     3.3237     0.0017    0.05       0.006979      0.000019    0.28  1.0412E+06  1.0E+03    0.10
 6d3/2   4f5/2       656.402(7)          0.44319(22)           0.0023579(66)    3.5178(35)E+05        656.402      0.007   0.00    0.44319    0.00022    0.05      0.0023579     0.0000066    0.28  3.5178E+05  3.5E+02    0.10
 6d3/2   5f5/2       1866.61(4)           2.8652(14)            0.004286(12)    6.3936(64)E+05        1866.61       0.04   0.00     2.8652     0.0014    0.05       0.004286      0.000012    0.28  6.3936E+05  6.4E+02    0.10
 6d3/2   6p1/2        51080(40)           29.455(15)         0.000022106(81)    3.2979(86)E+03         51078         41    0.08     29.455      0.015    0.05    0.000022106   0.000000081    0.37  3.2979E+03  8.6E+00    0.26
 6d3/2   6p3/2        51140(40)          13.1728(66)         0.000004405(16)    6.572(17)E+02          51140         41    0.08    13.1728     0.0066    0.05    0.000004405   0.000000016    0.37  6.5716E+02  1.7E+00    0.26
 7d3/2   2p1/2       94.3481(3)          0.28665(60)              0.5215(11)    4.956(21)E+07         94.3481     0.0003   0.00    0.28665    0.00060    0.21         0.5215        0.0011    0.20  4.9559E+07  2.1E+05    0.42
 7d3/2   2p3/2       94.3540(3)          0.12819(27)             0.10427(45)    9.909(41)E+06         94.3540     0.0003   0.00    0.12819    0.00027    0.21        0.10427       0.00045    0.43  9.9092E+06  4.1E+04    0.42
 7d3/2   3p1/2      241.4071(5)          0.67359(34)             0.17190(41)    1.6336(16)E+07       241.4071     0.0005   0.00    0.67359    0.00034    0.05        0.17190       0.00041    0.24  1.6336E+07  1.6E+04    0.10
 7d3/2   3p3/2      241.4183(5)          0.30125(15)            0.034377(83)    3.2669(33)E+06       241.4183     0.0005   0.00    0.30125    0.00015    0.05       0.034377      0.000083    0.24  3.2669E+06  3.3E+03    0.10
 7d3/2   4p1/2       521.957(3)          1.40582(70)             0.07408(18)    7.0399(70)E+06        521.957      0.003   0.00    1.40582    0.00070    0.05        0.07408       0.00018    0.24  7.0399E+06  7.0E+03    0.10
 7d3/2   4p3/2       521.979(3)          0.62875(31)            0.014816(36)    1.4080(14)E+06        521.979      0.003   0.00    0.62875    0.00031    0.05       0.014816      0.000036    0.24  1.4080E+06  1.4E+03    0.10
 7d3/2   5p1/2       1117.62(2)           3.1418(16)            0.037688(91)    3.5816(36)E+06        1117.62       0.02   0.00     3.1418     0.0016    0.05       0.037688      0.000091    0.24  3.5816E+06  3.6E+03    0.10
 7d3/2   5p3/2       1117.68(2)          1.40524(70)            0.007538(18)    7.1641(72)E+05        1117.68       0.02   0.00    1.40524    0.00070    0.05       0.007538      0.000018    0.24  7.1641E+05  7.2E+02    0.10
 7d3/2   6p1/2        2912.2(1)           9.6777(48)            0.020212(49)    1.9208(19)E+06         2912.2        0.1   0.00     9.6777     0.0048    0.05       0.020212      0.000049    0.24  1.9208E+06  1.9E+03    0.10
 7d3/2   6p3/2        2912.4(1)           4.3290(22)           0.0040433(98)    3.8425(39)E+05         2912.4        0.1   0.00     4.3290     0.0022    0.05      0.0040433     0.0000098    0.24  3.8425E+05  3.9E+02    0.10
 7d3/2   4f5/2       541.343(4)          0.24035(12)           0.0019408(47)    1.8444(18)E+05        541.343      0.004   0.00    0.24035    0.00012    0.05      0.0019408     0.0000047    0.24  1.8444E+05  1.8E+02    0.10
 7d3/2   5f5/2       1163.42(1)          0.98618(49)           0.0032918(80)    3.1283(31)E+05        1163.42       0.01   0.00    0.98618    0.00049    0.05      0.0032918     0.0000080    0.24  3.1283E+05  3.1E+02    0.10
 7d3/2   6f5/2        3096.0(1)           4.9150(25)            0.004339(11)    4.1233(42)E+05         3096.0        0.1   0.00     4.9150     0.0025    0.05       0.004339      0.000011    0.24  4.1233E+05  4.2E+02    0.10
 7d3/2   7p1/2       81170(100)           40.722(20)         0.000016528(73)    1.5708(59)E+03         81169         99    0.12     40.722      0.020    0.05    0.000016528   0.000000073    0.44  1.5708E+03  5.9E+00    0.38
 7d3/2   7p3/2       81270(100)          18.2117(91)         0.000003294(14)    3.130(12)E+02          81268         99    0.12    18.2117     0.0091    0.05    0.000003294   0.000000014    0.44  3.1300E+02  1.2E+00    0.38
 8d3/2   2p1/2       92.5139(3)          0.22582(43)             0.50806(98)    3.262(13)E+07         92.5139     0.0003   0.00    0.22582    0.00043    0.19        0.50806       0.00098    0.19  3.2621E+07  1.3E+05    0.38
 8d3/2   2p3/2       92.5196(3)          0.10098(19)             0.10159(40)    6.522(25)E+06         92.5196     0.0003   0.00    0.10098    0.00019    0.19        0.10159       0.00040    0.40  6.5225E+06  2.5E+04    0.38
 8d3/2   3p1/2      229.7519(4)          0.50920(25)             0.16866(36)    1.0829(11)E+07       229.7519     0.0004   0.00    0.50920    0.00025    0.05        0.16866       0.00036    0.22  1.0829E+07  1.1E+04    0.10
 8d3/2   3p3/2      229.7620(4)          0.22772(11)            0.033730(75)    2.1657(22)E+06       229.7620     0.0004   0.00    0.22772    0.00011    0.05       0.033730      0.000075    0.22  2.1657E+06  2.2E+03    0.10
 8d3/2   4p1/2       470.365(3)          0.98429(49)             0.07345(16)    4.7158(47)E+06        470.365      0.003   0.00    0.98429    0.00049    0.05        0.07345       0.00016    0.22  4.7158E+06  4.7E+03    0.10
 8d3/2   4p3/2       470.383(3)          0.44022(22)            0.014690(33)    9.4316(94)E+05        470.383      0.003   0.00    0.44022    0.00022    0.05       0.014690      0.000033    0.22  9.4316E+05  9.4E+02    0.10
 8d3/2   5p1/2       905.063(9)          1.89361(95)            0.038157(85)    2.4499(25)E+06        905.063      0.009   0.00    1.89361    0.00095    0.05       0.038157      0.000085    0.22  2.4499E+06  2.5E+03    0.10
 8d3/2   5p3/2       905.098(9)          0.84694(42)            0.007632(17)    4.9003(49)E+05        905.098      0.009   0.00    0.84694    0.00042    0.05       0.007632      0.000017    0.22  4.9003E+05  4.9E+02    0.10
 8d3/2   6p1/2       1806.62(5)           4.0587(20)            0.022040(49)    1.4151(14)E+06        1806.62       0.05   0.00     4.0587     0.0020    0.05       0.022040      0.000049    0.22  1.4151E+06  1.4E+03    0.10
 8d3/2   6p3/2       1806.69(5)          1.81537(91)           0.0044086(98)    2.8306(28)E+05        1806.69       0.05   0.00    1.81537    0.00091    0.05      0.0044086     0.0000098    0.22  2.8306E+05  2.8E+02    0.10
 8d3/2   7p1/2        4495.2(3)          12.2229(61)            0.012976(29)    8.3313(85)E+05         4495.2        0.3   0.01    12.2229     0.0061    0.05       0.012976      0.000029    0.22  8.3313E+05  8.5E+02    0.10
 8d3/2   7p3/2        4495.5(3)           5.4675(27)           0.0025959(58)    1.6667(17)E+05         4495.5        0.3   0.01     5.4675     0.0027    0.05      0.0025959     0.0000058    0.22  1.6667E+05  1.7E+02    0.10
 8d3/2   4f5/2       486.051(3)         0.157960(97)           0.0017143(40)    1.1007(14)E+05        486.051      0.003   0.00   0.157960   0.000097    0.06      0.0017143     0.0000040    0.23  1.1007E+05  1.4E+02    0.12
 8d3/2   5f5/2       934.865(9)          0.53597(27)           0.0027737(62)    1.7809(18)E+05        934.865      0.009   0.00    0.53597    0.00027    0.05      0.0027737     0.0000062    0.22  1.7809E+05  1.8E+02    0.10
 8d3/2   6f5/2       1875.69(5)          1.70210(85)           0.0034635(77)    2.2238(22)E+05        1875.69       0.05   0.00    1.70210    0.00085    0.05      0.0034635     0.0000077    0.22  2.2238E+05  2.2E+02    0.10
 8d3/2   7f5/2        4770.4(5)           7.4637(37)           0.0040483(91)    2.5993(27)E+05         4770.4        0.5   0.01     7.4637     0.0037    0.05      0.0040483     0.0000091    0.23  2.5993E+05  2.7E+02    0.10
 8d3/2   8p1/2      121200(300)           53.712(27)          0.00001278(10)    8.206(65)E+02         121212        316    0.26     53.712      0.027    0.05     0.00001278    0.00000010    0.81  8.2057E+02  6.5E+00    0.79
 8d3/2   8p3/2      121400(300)           24.021(12)         0.000002547(21)    1.635(13)E+02         121359        317    0.26     24.021      0.012    0.05    0.000002547   0.000000021    0.82  1.6352E+02  1.3E+00    0.79
 9d3/2   2p1/2       91.2972(3)          0.18442(34)             0.49878(93)    2.2638(82)E+07        91.2972     0.0003   0.00    0.18442    0.00034    0.18        0.49878       0.00093    0.19  2.2638E+07  8.2E+04    0.36
 9d3/2   2p3/2       91.3027(3)          0.08247(15)             0.09973(37)    4.526(16)E+06         91.3027     0.0003   0.00    0.08247    0.00015    0.18        0.09973       0.00037    0.37  4.5264E+06  1.6E+04    0.36
 9d3/2   3p1/2      222.3913(4)          0.40486(20)             0.16631(34)    7.5484(75)E+06       222.3913     0.0004   0.00    0.40486    0.00020    0.05        0.16631       0.00034    0.20  7.5484E+06  7.5E+03    0.10
 9d3/2   3p3/2      222.4008(4)         0.181060(91)            0.033259(70)    1.5095(15)E+06       222.4008     0.0004   0.00   0.181060   0.000091    0.05       0.033259      0.000070    0.21  1.5095E+06  1.5E+03    0.10
 9d3/2   4p1/2       440.516(2)          0.74688(37)             0.07283(15)    3.3054(33)E+06        440.516      0.002   0.00    0.74688    0.00037    0.05        0.07283       0.00015    0.21  3.3054E+06  3.3E+03    0.10
 9d3/2   4p3/2       440.532(2)          0.33403(17)            0.014565(31)    6.6108(66)E+05        440.532      0.002   0.00    0.33403    0.00017    0.05       0.014565      0.000031    0.21  6.6108E+05  6.6E+02    0.10
 9d3/2   5p1/2       800.671(7)          1.32485(66)            0.038163(80)    1.7321(17)E+06        800.671      0.007   0.00    1.32485    0.00066    0.05       0.038163      0.000080    0.21  1.7321E+06  1.7E+03    0.10
 9d3/2   5p3/2       800.698(7)          0.59254(30)            0.007633(16)    3.4645(35)E+05        800.698      0.007   0.00    0.59254    0.00030    0.05       0.007633      0.000016    0.21  3.4645E+05  3.5E+02    0.10
 9d3/2   6p1/2       1433.53(3)           2.4346(12)            0.022454(47)    1.0191(10)E+06        1433.53       0.03   0.00     2.4346     0.0012    0.05       0.022454      0.000047    0.21  1.0191E+06  1.0E+03    0.10
 9d3/2   6p3/2       1433.58(3)          1.08889(54)           0.0044914(95)    2.0385(20)E+05        1433.58       0.03   0.00    1.08889    0.00054    0.05      0.0044914     0.0000095    0.21  2.0385E+05  2.0E+02    0.10
 9d3/2   7p1/2        2728.4(1)           5.0807(25)            0.014185(30)    6.4379(65)E+05         2728.4        0.1   0.00     5.0807     0.0025    0.05       0.014185      0.000030    0.21  6.4379E+05  6.5E+02    0.10
 9d3/2   7p3/2        2728.5(1)           2.2725(11)           0.0028374(60)    1.2878(13)E+05         2728.5        0.1   0.00     2.2725     0.0011    0.05      0.0028374     0.0000060    0.21  1.2878E+05  1.3E+02    0.10
 9d3/2   8p1/2        6565.7(9)          15.0675(75)            0.008952(19)    4.0630(44)E+05         6565.7        0.9   0.01    15.0675     0.0075    0.05       0.008952      0.000019    0.21  4.0630E+05  4.4E+02    0.11
 9d3/2   8p3/2        6566.1(9)           6.7400(34)           0.0017909(39)    8.1283(88)E+04         6566.1        0.9   0.01     6.7400     0.0034    0.05      0.0017909     0.0000039    0.22  8.1283E+04  8.8E+01    0.11
 9d3/2   4f5/2       454.245(3)         0.115053(94)           0.0015762(39)    7.154(12)E+04         454.245      0.003   0.00   0.115053   0.000094    0.08      0.0015762     0.0000039    0.25  7.1537E+04  1.2E+02    0.16
 9d3/2   5f5/2       823.906(7)          0.35215(21)           0.0024745(55)    1.1231(13)E+05        823.906      0.007   0.00    0.35215    0.00021    0.06      0.0024745     0.0000055    0.22  1.1231E+05  1.3E+02    0.12
 9d3/2   6f5/2       1476.68(3)          0.92529(46)           0.0029674(63)    1.3468(13)E+05        1476.68       0.03   0.00    0.92529    0.00046    0.05      0.0029674     0.0000063    0.21  1.3468E+05  1.3E+02    0.10
 9d3/2   7f5/2        2827.4(2)           2.5931(13)           0.0033201(70)    1.5069(15)E+05         2827.4        0.2   0.01     2.5931     0.0013    0.05      0.0033201     0.0000070    0.21  1.5069E+05  1.5E+02    0.10
 9d3/2   8f5/2        6958.8(5)          10.5197(53)           0.0036651(78)    1.6635(17)E+05         6958.8        0.5   0.01    10.5197     0.0053    0.05      0.0036651     0.0000078    0.21  1.6635E+05  1.7E+02    0.10
 9d3/2   9p1/2      172700(400)           68.426(34)         0.000010148(79)    4.606(35)E+02         172682        430    0.25     68.426      0.034    0.05    0.000010148   0.000000079    0.78  4.6059E+02  3.5E+00    0.75
 9d3/2   9p3/2      172900(400)           30.601(15)         0.000002022(16)    9.178(69)E+01         172891        431    0.25     30.601      0.015    0.05    0.000002022   0.000000016    0.78  9.1784E+01  6.9E-01    0.75
10d3/2   2p1/2       90.4464(3)  *       0.15460(27)             0.49203(90)    1.6363(57)E+07        90.4464     0.0003   0.00    0.15460    0.00027    0.18        0.49203       0.00090    0.18  1.6363E+07  5.7E+04    0.35
10d3/2   2p3/2       90.4518(3)  *       0.06914(12)             0.09838(35)    3.272(11)E+06         90.4518     0.0003   0.00    0.06914    0.00012    0.18        0.09838       0.00035    0.36  3.2718E+06  1.1E+04    0.35
10d3/2   3p1/2      217.4096(6)  *       0.33317(17)             0.16452(32)    5.4715(55)E+06       217.4096     0.0006   0.00    0.33317    0.00017    0.05        0.16452       0.00032    0.19  5.4715E+06  5.5E+03    0.10
10d3/2   3p3/2      217.4188(6)  *      0.149000(75)            0.032901(66)    1.0942(11)E+06       217.4188     0.0006   0.00   0.149000   0.000074    0.05       0.032901      0.000066    0.20  1.0942E+06  1.1E+03    0.10
10d3/2   4p1/2       421.390(3)  *       0.59603(30)             0.07231(14)    2.4049(24)E+06        421.390      0.003   0.00    0.59603    0.00030    0.05        0.07231       0.00014    0.20  2.4049E+06  2.4E+03    0.10
10d3/2   4p3/2       421.405(3)  *       0.26657(13)            0.014462(29)    4.8097(48)E+05        421.405      0.003   0.00    0.26657    0.00013    0.05       0.014462      0.000029    0.20  4.8097E+05  4.8E+02    0.10
10d3/2   5p1/2       739.653(8)  *       1.00569(50)            0.038069(77)    1.2660(13)E+06        739.653      0.008   0.00    1.00569    0.00050    0.05       0.038069      0.000077    0.20  1.2660E+06  1.3E+03    0.10
10d3/2   5p3/2       739.676(8)  *       0.44979(22)            0.007614(15)    2.5322(25)E+05        739.676      0.008   0.00    0.44979    0.00022    0.05       0.007614      0.000015    0.20  2.5322E+05  2.5E+02    0.10
10d3/2   6p1/2       1249.05(3)  *       1.69893(85)            0.022560(46)    7.5028(75)E+05        1249.05       0.03   0.00    1.69893    0.00085    0.05       0.022560      0.000046    0.20  7.5028E+05  7.5E+02    0.10
10d3/2   6p3/2       1249.08(3)  *       0.75986(38)           0.0045125(92)    1.5007(15)E+05        1249.08       0.03   0.00    0.75986    0.00038    0.05      0.0045125     0.0000092    0.20  1.5007E+05  1.5E+02    0.10
10d3/2   7p1/2       2129.69(8)  *        3.0314(15)            0.014490(29)    4.8189(48)E+05        2129.69       0.08   0.00     3.0314     0.0015    0.05       0.014490      0.000029    0.20  4.8189E+05  4.8E+02    0.10
10d3/2   7p3/2       2129.76(8)  *       1.35585(68)           0.0028984(59)    9.6391(97)E+04        2129.76       0.08   0.00    1.35585    0.00068    0.05      0.0028984     0.0000059    0.20  9.6391E+04  9.7E+01    0.10
10d3/2   8p1/2        3916.3(4)  *        6.2111(31)            0.009782(20)    3.2532(34)E+05         3916.3        0.4   0.01     6.2111     0.0031    0.05       0.009782      0.000020    0.20  3.2532E+05  3.4E+02    0.10
10d3/2   8p3/2        3916.5(4)  *        2.7781(14)           0.0019568(40)    6.5076(67)E+04         3916.5        0.4   0.01     2.7781     0.0014    0.05      0.0019568     0.0000040    0.20  6.5076E+04  6.7E+01    0.10
10d3/2   9p1/2          9189(1)  *       18.2161(91)            0.006514(14)    2.1662(24)E+05          9189          1    0.02    18.2161     0.0091    0.05       0.006514      0.000014    0.21  2.1662E+05  2.4E+02    0.11
10d3/2   9p3/2          9190(1)  *        8.1484(41)           0.0013031(27)    4.3336(48)E+04          9190          1    0.02     8.1484     0.0041    0.05      0.0013031     0.0000027    0.21  4.3336E+04  4.8E+01    0.11
10d3/2   4f5/2       433.936(3)  *      0.089340(45)           0.0014878(30)    4.9479(50)E+04        433.936      0.003   0.00   0.089340   0.000045    0.05      0.0014878     0.0000030    0.20  4.9479E+04  5.0E+01    0.10
10d3/2   5f5/2       759.438(8)  *       0.25649(13)           0.0022877(46)    7.6082(76)E+04        759.438      0.008   0.00    0.25649    0.00013    0.05      0.0022877     0.0000046    0.20  7.6082E+04  7.6E+01    0.10
10d3/2   6f5/2       1281.68(3)  *       0.60755(30)           0.0026703(54)    8.8805(89)E+04        1281.68       0.03   0.00    0.60755    0.00030    0.05      0.0026703     0.0000054    0.20  8.8805E+04  8.9E+01    0.10
10d3/2   7f5/2        2189.5(1)  *       1.40949(70)           0.0028827(59)    9.5868(97)E+04         2189.5        0.1   0.01    1.40949    0.00070    0.05      0.0028827     0.0000059    0.20  9.5868E+04  9.7E+01    0.10
10d3/2   8f5/2        4052.9(2)  *        3.6613(18)           0.0030670(62)    1.0200(10)E+05         4052.9        0.2   0.01     3.6613     0.0018    0.05      0.0030670     0.0000062    0.20  1.0200E+05  1.0E+02    0.10
10d3/2   9f5/2          9729(1)  *       14.0806(70)           0.0032790(68)    1.0905(12)E+05          9729          1    0.01    14.0806     0.0070    0.05      0.0032790     0.0000068    0.21  1.0905E+05  1.2E+02    0.11
10d3/2  10p1/2    2.37(1)E+05    *        84.861(42)          0.00000823(10)    2.737(33)E+02         237079        954    0.40     84.861      0.042    0.05     0.00000823    0.00000010    1.22  2.7374E+02  3.3E+00    1.21
10d3/2  10p3/2    2.37(1)E+05    *        37.951(19)         0.000001640(20)    5.455(66)E+01         237361        956    0.40     37.951      0.019    0.05    0.000001640   0.000000020    1.23  5.4554E+01  6.6E-01    1.21
 3d5/2   2p3/2      151.2407(7)           3.3658(17)          0.99992881(10)    1.1058(11)E+09       151.2407     0.0007   0.00     3.3658     0.0017    0.05     0.99992881    0.00000010    0.00  1.1058E+09  1.1E+06    0.10
 3d5/2   3p3/2        6419.3(4)           7.8532(39)          0.00007119(10)    7.8732(80)E+04         6419.3        0.4   0.01     7.8532     0.0039    0.05     0.00007119    0.00000010    0.14  7.8732E+04  8.0E+01    0.10
 4d5/2   2p3/2      114.3038(4)          1.28917(64)             0.77648(25)    3.7579(38)E+08       114.3038     0.0004   0.00    1.28917    0.00064    0.05        0.77648       0.00025    0.03  3.7579E+08  3.8E+05    0.10
 4d5/2   3p3/2       436.221(1)           5.1560(26)             0.22346(25)    1.0815(11)E+08        436.221      0.001   0.00     5.1560     0.0026    0.05        0.22346       0.00025    0.11  1.0815E+08  1.1E+05    0.10
 4d5/2   4p3/2         15149(2)          16.1753(81)         0.000052513(72)    2.5415(28)E+04         15149          2    0.02    16.1753     0.0081    0.05    0.000052513   0.000000072    0.14  2.5415E+04  2.8E+01    0.11
 5d5/2   2p3/2      102.6958(3)           0.7508(21)              0.6929(12)    1.758(10)E+08        102.6958     0.0003   0.00     0.7508     0.0021    0.28         0.6929        0.0012    0.18  1.7576E+08  1.0E+06    0.57
 5d5/2   3p3/2      304.7576(8)           2.1588(11)             0.21918(88)    5.5601(56)E+07       304.7576     0.0008   0.00     2.1588     0.0011    0.05        0.21918       0.00088    0.40  5.5601E+07  5.6E+04    0.10
 5d5/2   4p3/2        947.96(1)           7.3604(37)             0.08466(34)    2.1475(21)E+07         947.96       0.01   0.00     7.3604     0.0037    0.05        0.08466       0.00034    0.40  2.1475E+07  2.1E+04    0.10
 5d5/2   4f5/2       1013.82(2)          0.34869(17)          0.00015532(63)    3.9400(39)E+04        1013.82       0.02   0.00    0.34869    0.00017    0.05     0.00015532    0.00000063    0.41  3.9400E+04  3.9E+01    0.10
 5d5/2   4f7/2       1013.84(2)          1.55948(78)            0.003107(13)    7.8808(79)E+05        1013.84       0.02   0.00    1.55948    0.00078    0.05       0.003107      0.000013    0.41  7.8808E+05  7.9E+02    0.10
 5d5/2   5p3/2        29570(10)           26.705(13)          0.00003672(15)    9.316(14)E+03          29568         11    0.04     26.705      0.013    0.05     0.00003672    0.00000015    0.42  9.3158E+03  1.4E+01    0.15
 6d5/2   2p3/2       97.3276(3)           0.5148(12)              0.6506(11)    9.706(45)E+07         97.3276     0.0003   0.00     0.5148     0.0012    0.23         0.6506        0.0011    0.17  9.7061E+07  4.5E+05    0.47
 6d5/2   3p3/2      261.8907(7)          1.29623(65)             0.21174(67)    3.1588(32)E+07       261.8907     0.0007   0.00    1.29623    0.00065    0.05        0.21174       0.00067    0.31  3.1588E+07  3.2E+04    0.10
 6d5/2   4p3/2       628.147(5)           3.1232(16)             0.08908(28)    1.3290(13)E+07        628.147      0.005   0.00     3.1232     0.0016    0.05        0.08908       0.00028    0.32  1.3290E+07  1.3E+04    0.10
 6d5/2   5p3/2       1751.59(4)           9.9711(50)             0.04188(13)    6.2475(63)E+06        1751.59       0.04   0.00     9.9711     0.0050    0.05        0.04188       0.00013    0.32  6.2475E+06  6.3E+03    0.10
 6d5/2   4f5/2       656.402(7)         0.118447(59)          0.00011229(36)    1.6752(17)E+04        656.402      0.007   0.00   0.118447   0.000059    0.05     0.00011229    0.00000036    0.32  1.6752E+04  1.7E+01    0.10
 6d5/2   4f7/2       656.408(7)          0.52974(26)           0.0022460(72)    3.3506(34)E+05        656.408      0.007   0.00    0.52974    0.00026    0.05      0.0022460     0.0000072    0.32  3.3506E+05  3.4E+02    0.10
 6d5/2   5f5/2       1866.61(4)          0.76575(38)          0.00020409(66)    3.0446(31)E+04        1866.61       0.04   0.00    0.76575    0.00038    0.05     0.00020409    0.00000066    0.32  3.0446E+04  3.1E+01    0.10
 6d5/2   5f7/2       1866.64(4)           3.4248(17)            0.004082(13)    6.0897(61)E+05        1866.64       0.04   0.00     3.4248     0.0017    0.05       0.004082      0.000013    0.32  6.0897E+05  6.1E+02    0.10
 6d5/2   6p3/2        51140(40)           39.518(20)          0.00002643(11)    3.943(10)E+03          51140         41    0.08     39.518      0.020    0.05     0.00002643    0.00000011    0.40  3.9429E+03  1.0E+01    0.26
 7d5/2   2p3/2       94.3540(3)          0.38460(80)             0.62573(98)    5.946(25)E+07         94.3540     0.0003   0.00    0.38460    0.00080    0.21        0.62573       0.00098    0.16  5.9462E+07  2.5E+05    0.41
 7d5/2   3p3/2      241.4183(5)          0.90375(45)             0.20628(56)    1.9602(20)E+07       241.4183     0.0005   0.00    0.90375    0.00045    0.05        0.20628       0.00056    0.27  1.9602E+07  2.0E+04    0.10
 7d5/2   4p3/2       521.979(3)          1.88627(94)             0.08890(25)    8.4482(84)E+06        521.979      0.003   0.00    1.88627    0.00094    0.05        0.08890       0.00025    0.28  8.4482E+06  8.4E+03    0.10
 7d5/2   5p3/2       1117.68(2)           4.2157(21)             0.04523(13)    4.2985(43)E+06        1117.68       0.02   0.00     4.2157     0.0021    0.05        0.04523       0.00013    0.28  4.2985E+06  4.3E+03    0.10
 7d5/2   6p3/2        2912.4(1)          12.9870(65)            0.024261(68)    2.3055(23)E+06         2912.4        0.1   0.00    12.9870     0.0065    0.05       0.024261      0.000068    0.28  2.3055E+06  2.3E+03    0.10
 7d5/2   4f5/2       541.343(4)         0.064236(32)          0.00009243(26)    8.7831(88)E+03        541.343      0.004   0.00   0.064236   0.000032    0.05     0.00009243    0.00000026    0.28  8.7831E+03  8.8E+00    0.10
 7d5/2   4f7/2       541.347(4)          0.28729(14)           0.0018487(52)    1.7568(18)E+05        541.347      0.004   0.00    0.28729    0.00014    0.05      0.0018487     0.0000052    0.28  1.7568E+05  1.8E+02    0.10
 7d5/2   5f5/2       1163.42(1)          0.26357(13)          0.00015676(44)    1.4897(15)E+04        1163.42       0.01   0.00    0.26357    0.00013    0.05     0.00015676    0.00000044    0.28  1.4897E+04  1.5E+01    0.10
 7d5/2   5f7/2       1163.43(1)          1.17878(59)           0.0031355(88)    2.9796(30)E+05        1163.43       0.01   0.00    1.17878    0.00059    0.05      0.0031355     0.0000088    0.28  2.9796E+05  3.0E+02    0.10
 7d5/2   6f5/2        3096.0(1)          1.31358(66)          0.00020662(58)    1.9635(20)E+04         3096.0        0.1   0.00    1.31358    0.00066    0.05     0.00020662    0.00000058    0.28  1.9635E+04  2.0E+01    0.10
 7d5/2   6f7/2        3096.0(1)           5.8748(29)            0.004133(12)    3.9272(40)E+05         3096.0        0.1   0.00     5.8748     0.0029    0.05       0.004133      0.000012    0.28  3.9272E+05  4.0E+02    0.10
 7d5/2   7p3/2       81270(100)           54.635(27)         0.000019763(91)    1.8780(71)E+03         81268         99    0.12     54.635      0.027    0.05    0.000019763   0.000000091    0.46  1.8780E+03  7.1E+00    0.38
 8d5/2   2p3/2       92.5196(3)          0.30297(58)             0.60962(92)    3.914(15)E+07         92.5196     0.0003   0.00    0.30297    0.00058    0.19        0.60962       0.00092    0.15  3.9140E+07  1.5E+05    0.38
 8d5/2   3p3/2      229.7620(4)          0.68318(34)             0.20240(50)    1.2994(13)E+07       229.7620     0.0004   0.00    0.68318    0.00034    0.05        0.20240       0.00050    0.25  1.2994E+07  1.3E+04    0.10
 8d5/2   4p3/2       470.383(3)          1.32066(66)             0.08814(22)    5.6591(57)E+06        470.383      0.003   0.00    1.32066    0.00066    0.05        0.08814       0.00022    0.25  5.6591E+06  5.7E+03    0.10
 8d5/2   5p3/2       905.098(9)           2.5408(13)             0.04580(12)    2.9402(29)E+06        905.098      0.009   0.00     2.5408     0.0013    0.05        0.04580       0.00012    0.25  2.9402E+06  2.9E+03    0.10
 8d5/2   6p3/2       1806.69(5)           5.4461(27)            0.026453(67)    1.6984(17)E+06        1806.69       0.05   0.00     5.4461     0.0027    0.05       0.026453      0.000067    0.25  1.6984E+06  1.7E+03    0.10
 8d5/2   7p3/2        4495.5(3)          16.4025(82)            0.015576(40)    1.0000(10)E+06         4495.5        0.3   0.01    16.4025     0.0082    0.05       0.015576      0.000040    0.26  1.0000E+06  1.0E+03    0.10
 8d5/2   4f5/2       486.051(3)         0.042217(21)          0.00008164(21)    5.2414(53)E+03        486.051      0.003   0.00   0.042217   0.000021    0.05     0.00008164    0.00000021    0.26  5.2414E+03  5.3E+00    0.10
 8d5/2   4f7/2       486.054(3)         0.188810(94)           0.0016329(42)    1.0484(10)E+05        486.054      0.003   0.00   0.188810   0.000094    0.05      0.0016329     0.0000042    0.26  1.0484E+05  1.0E+02    0.10
 8d5/2   5f5/2       934.865(9)         0.143245(72)          0.00013209(34)    8.4807(85)E+03        934.865      0.009   0.00   0.143245   0.000072    0.05     0.00013209    0.00000034    0.26  8.4807E+03  8.5E+00    0.10
 8d5/2   5f7/2       934.871(9)          0.64065(32)           0.0026421(67)    1.6963(17)E+05        934.871      0.009   0.00    0.64065    0.00032    0.05      0.0026421     0.0000067    0.26  1.6963E+05  1.7E+02    0.10
 8d5/2   6f5/2       1875.69(5)          0.45491(23)          0.00016494(42)    1.0590(11)E+04        1875.69       0.05   0.00    0.45491    0.00023    0.05     0.00016494    0.00000042    0.26  1.0590E+04  1.1E+01    0.10
 8d5/2   6f7/2       1875.70(5)           2.0345(10)           0.0032990(84)    2.1180(21)E+05        1875.70       0.05   0.00     2.0345     0.0010    0.05      0.0032990     0.0000084    0.26  2.1180E+05  2.1E+02    0.10
 8d5/2   7f5/2        4770.4(5)           1.9948(10)          0.00019279(50)    1.2378(13)E+04         4770.4        0.5   0.01     1.9948     0.0010    0.05     0.00019279    0.00000050    0.26  1.2378E+04  1.3E+01    0.10
 8d5/2   7f7/2        4770.4(5)           8.9208(45)           0.0038558(99)    2.4755(26)E+05         4770.4        0.5   0.01     8.9208     0.0045    0.05      0.0038558     0.0000099    0.26  2.4755E+05  2.6E+02    0.10
 8d5/2   8p3/2      121400(300)           72.062(36)          0.00001528(13)    9.811(78)E+02         121359        317    0.26     72.062      0.036    0.05     0.00001528    0.00000013    0.82  9.8111E+02  7.8E+00    0.79
 9d5/2   2p3/2       91.3027(3)          0.24743(45)             0.59849(88)    2.7162(99)E+07        91.3027     0.0003   0.00    0.24743    0.00045    0.18        0.59849       0.00088    0.15  2.7162E+07  9.9E+04    0.36
 9d5/2   3p3/2      222.4008(4)          0.54319(27)             0.19957(46)    9.0575(91)E+06       222.4008     0.0004   0.00    0.54319    0.00027    0.05        0.19957       0.00046    0.23  9.0575E+06  9.1E+03    0.10
 9d5/2   4p3/2       440.532(2)          1.00211(50)             0.08740(21)    3.9665(40)E+06        440.532      0.002   0.00    1.00211    0.00050    0.05        0.08740       0.00021    0.24  3.9665E+06  4.0E+03    0.10
 9d5/2   5p3/2       800.698(7)          1.77763(89)             0.04580(11)    2.0787(21)E+06        800.698      0.007   0.00    1.77763    0.00089    0.05        0.04580       0.00011    0.24  2.0787E+06  2.1E+03    0.10
 9d5/2   6p3/2       1433.58(3)           3.2667(16)            0.026950(65)    1.2231(12)E+06        1433.58       0.03   0.00     3.2667     0.0016    0.05       0.026950      0.000065    0.24  1.2231E+06  1.2E+03    0.10
 9d5/2   7p3/2        2728.5(1)           6.8176(34)            0.017025(41)    7.7269(78)E+05         2728.5        0.1   0.00     6.8176     0.0034    0.05       0.017025      0.000041    0.24  7.7269E+05  7.8E+02    0.10
 9d5/2   8p3/2        6566.1(9)           20.220(10)            0.010746(26)    4.8770(53)E+05         6566.1        0.9   0.01     20.220      0.010    0.05       0.010746      0.000026    0.24  4.8770E+05  5.3E+02    0.11
 9d5/2   4f5/2       454.245(3)         0.030749(22)          0.00007506(20)    3.4066(48)E+03        454.245      0.003   0.00   0.030749   0.000022    0.07     0.00007506    0.00000020    0.26  3.4066E+03  4.8E+00    0.14
 9d5/2   4f7/2       454.248(3)         0.137523(97)           0.0015013(39)    6.8138(96)E+04        454.248      0.003   0.00   0.137523   0.000097    0.07      0.0015013     0.0000039    0.26  6.8138E+04  9.6E+01    0.14
 9d5/2   5f5/2       823.906(7)         0.094115(47)          0.00011784(28)    5.3482(54)E+03        823.906      0.007   0.00   0.094115   0.000047    0.05     0.00011784    0.00000028    0.24  5.3482E+03  5.4E+00    0.10
 9d5/2   5f7/2       823.911(7)          0.42092(21)           0.0023570(57)    1.0697(11)E+05        823.911      0.007   0.00    0.42092    0.00021    0.05      0.0023570     0.0000057    0.24  1.0697E+05  1.1E+02    0.10
 9d5/2   6f5/2       1476.68(3)          0.24729(12)          0.00014131(34)    6.4133(64)E+03        1476.68       0.03   0.00    0.24729    0.00012    0.05     0.00014131    0.00000034    0.24  6.4133E+03  6.4E+00    0.10
 9d5/2   6f7/2       1476.69(3)          1.10597(55)           0.0028264(68)    1.2827(13)E+05        1476.69       0.03   0.00    1.10597    0.00055    0.05      0.0028264     0.0000068    0.24  1.2827E+05  1.3E+02    0.10
 9d5/2   7f5/2        2827.4(2)          0.69303(35)          0.00015811(38)    7.1758(73)E+03         2827.4        0.2   0.01    0.69303    0.00035    0.05     0.00015811    0.00000038    0.24  7.1758E+03  7.3E+00    0.10
 9d5/2   7f7/2        2827.4(2)           3.0993(15)           0.0031622(76)    1.4351(15)E+05         2827.4        0.2   0.01     3.0993     0.0015    0.05      0.0031622     0.0000076    0.24  1.4351E+05  1.5E+02    0.10
 9d5/2   8f5/2        6958.8(5)           2.8115(14)          0.00017454(42)    7.9213(81)E+03         6958.8        0.5   0.01     2.8115     0.0014    0.05     0.00017454    0.00000042    0.24  7.9213E+03  8.1E+00    0.10
 9d5/2   8f7/2        6958.8(5)          12.5735(63)           0.0034907(84)    1.5843(16)E+05         6958.8        0.5   0.01    12.5735     0.0063    0.05      0.0034907     0.0000084    0.24  1.5843E+05  1.6E+02    0.10
 9d5/2   9p3/2      172900(400)           91.804(46)         0.000012134(95)    5.507(42)E+02         172891        431    0.25     91.804      0.046    0.05    0.000012134   0.000000095    0.79  5.5071E+02  4.2E+00    0.75
10d5/2   2p3/2       90.4518(3)  *       0.20743(36)             0.59040(86)    1.9633(69)E+07        90.4518     0.0003   0.00    0.20743    0.00036    0.17        0.59040       0.00086    0.15  1.9633E+07  6.9E+04    0.35
10d5/2   3p3/2      217.4187(6)  *       0.44701(22)             0.19743(44)    6.5654(66)E+06       217.4187     0.0006   0.00    0.44701    0.00022    0.05        0.19743       0.00044    0.22  6.5654E+06  6.6E+03    0.10
10d5/2   4p3/2       421.404(3)  *       0.79970(40)             0.08678(20)    2.8858(29)E+06        421.404      0.003   0.00    0.79970    0.00040    0.05        0.08678       0.00020    0.23  2.8858E+06  2.9E+03    0.10
10d5/2   5p3/2       739.676(8)  *       1.34935(67)             0.04569(10)    1.5193(15)E+06        739.676      0.008   0.00    1.34935    0.00067    0.05        0.04569       0.00010    0.23  1.5193E+06  1.5E+03    0.10
10d5/2   6p3/2       1249.08(3)  *        2.2795(11)            0.027076(62)    9.0039(90)E+05        1249.08       0.03   0.00     2.2795     0.0011    0.05       0.027076      0.000062    0.23  9.0039E+05  9.0E+02    0.10
10d5/2   7p3/2       2129.76(8)  *        4.0674(20)            0.017390(40)    5.7831(58)E+05        2129.76       0.08   0.00     4.0674     0.0020    0.05       0.017390      0.000040    0.23  5.7831E+05  5.8E+02    0.10
10d5/2   8p3/2        3916.5(4)  *        8.3341(42)            0.011741(27)    3.9043(40)E+05         3916.5        0.4   0.01     8.3341     0.0042    0.05       0.011741      0.000027    0.23  3.9043E+05  4.0E+02    0.10
10d5/2   9p3/2          9190(1)  *        24.444(12)            0.007818(18)    2.5998(29)E+05          9190          1    0.02     24.444      0.012    0.05       0.007818      0.000018    0.23  2.5998E+05  2.9E+02    0.11
10d5/2   4f5/2       433.935(3)  *      0.023875(12)          0.00007084(16)    2.3557(23)E+03        433.935      0.003   0.00   0.023875   0.000012    0.05     0.00007084    0.00000016    0.23  2.3557E+03  2.3E+00    0.10
10d5/2   4f7/2       433.938(3)  *      0.106776(53)           0.0014169(33)    4.7117(47)E+04        433.938      0.003   0.00   0.106776   0.000053    0.05      0.0014169     0.0000033    0.23  4.7117E+04  4.7E+01    0.10
10d5/2   5f5/2       759.438(8)  *      0.068544(34)          0.00010893(25)    3.6223(36)E+03        759.438      0.008   0.00   0.068544   0.000034    0.05     0.00010893    0.00000025    0.23  3.6223E+03  3.6E+00    0.10
10d5/2   5f7/2       759.442(8)  *       0.30655(15)           0.0021787(50)    7.2451(72)E+04        759.442      0.008   0.00    0.30655    0.00015    0.05      0.0021787     0.0000050    0.23  7.2451E+04  7.2E+01    0.10
10d5/2   6f5/2       1281.67(3)  *      0.162361(81)          0.00012714(29)    4.2281(42)E+03        1281.67       0.03   0.00   0.162361   0.000081    0.05     0.00012714    0.00000029    0.23  4.2281E+03  4.2E+00    0.10
10d5/2   6f7/2       1281.68(3)  *       0.72613(36)           0.0025431(59)    8.4568(85)E+04        1281.68       0.03   0.00    0.72613    0.00036    0.05      0.0025431     0.0000059    0.23  8.4568E+04  8.5E+01    0.10
10d5/2   7f5/2        2189.5(1)  *       0.37667(19)          0.00013726(32)    4.5644(46)E+03         2189.5        0.1   0.01    0.37667    0.00019    0.05     0.00013726    0.00000032    0.23  4.5644E+03  4.6E+00    0.10
10d5/2   7f7/2        2189.5(1)  *       1.68460(84)           0.0027454(63)    9.1296(92)E+04         2189.5        0.1   0.01    1.68460    0.00084    0.05      0.0027454     0.0000063    0.23  9.1296E+04  9.2E+01    0.10
10d5/2   8f5/2        4052.9(2)  *       0.97845(49)          0.00014603(34)    4.8562(49)E+03         4052.9        0.2   0.01    0.97845    0.00049    0.05     0.00014603    0.00000034    0.23  4.8562E+03  4.9E+00    0.10
10d5/2   8f7/2        4052.9(2)  *        4.3760(22)           0.0029209(68)    9.7133(99)E+04         4052.9        0.2   0.01     4.3760     0.0022    0.05      0.0029209     0.0000068    0.23  9.7133E+04  9.9E+01    0.10
10d5/2   9f5/2          9729(1)  *        3.7628(19)          0.00015612(37)    5.1918(56)E+03          9729          1    0.01     3.7628     0.0019    0.05     0.00015612    0.00000037    0.23  5.1918E+03  5.6E+00    0.11
10d5/2   9f7/2          9729(1)  *       16.8287(84)           0.0031228(73)    1.0385(11)E+05          9729          1    0.01    16.8287     0.0084    0.05      0.0031228     0.0000073    0.23  1.0385E+05  1.1E+02    0.11
10d5/2  10p3/2    2.37(1)E+05    *       113.853(57)          0.00000985(12)    3.276(40)E+02         237304        956    0.40    113.853      0.057    0.05     0.00000985    0.00000012    1.23  3.2756E+02  4.0E+00    1.21
