         648
 1,   2,        4.5350435,      0.0768256                                                                                                   
 1,   3,        6.3818104,      0.0788595                                                                                                   
 1,   4,        0.2983429,      0.0225619                                                                                                                                                                                                  
 1,   5,        0.6012643,      0.0282228                                                                                                                                                                                                    
 1,   6,        0.0915939,      0.0126111                                                                                                   
                                                                                                   
          63
 1,         0.0000,        0.0000  
 2,     11178.2681,        0.0000  
 3,     11732.3071,        0.0000  
 4,     21765.3480,        0.0200 
 5,     21946.3970,        0.0260  
 6,     25708.8354,        0.0000
 