 State    Total rate        Lifetime   Ref.      Total rate     Unc      Lifetime     Unc  Unc %
 6s1/2  2.262(16)E+08       4.421(43)            2.2621E+08   2.2E+06       4.421    0.043  0.97
 7s1/2  1.3868(38)E+08      7.211(26)            1.3868E+08   5.1E+05       7.211    0.026  0.37
 8s1/2  8.380(22)E+07      11.934(42)            8.3795E+07   2.9E+05      11.934    0.042  0.35
 9s1/2  5.316(17)E+07      18.811(76)            5.3161E+07   2.2E+05      18.811    0.076  0.41
10s1/2  3.5587(86)E+07     28.100(91)            3.5587E+07   1.2E+05      28.100    0.091  0.32
11s1/2  2.4802(72)E+07      40.32(16)            2.4802E+07   9.5E+04       40.32     0.16  0.38
12s1/2  1.7954(41)E+07      55.70(17)            1.7954E+07   5.5E+04       55.70     0.17  0.30
13s1/2  1.3349(48)E+07      74.91(36)            1.3349E+07   6.4E+04       74.91     0.36  0.48
 5p1/2  1.356(14)E+08       7.375(78)            1.3559E+08   1.4E+06       7.375    0.078  1.06
 6p1/2  2.409(33)E+07       41.51(58)            2.4092E+07   3.3E+05       41.51     0.58  1.39
 7p1/2  8.65(72)E+06        115.6(96)            8.6508E+06   7.2E+05       115.6      9.6  8.27
 8p1/2  4.38(58)E+06           228(30)           4.3846E+06   5.8E+05        228       30  13.33
 9p1/2  2.63(43)E+06           380(62)           2.6315E+06   4.3E+05        380       62  16.39
10p1/2  1.74(31)E+06          570(100)           1.7434E+06   3.1E+05        574      104  18.06
11p1/2  1.23(23)E+06          810(150)           1.2311E+06   2.3E+05        812      154  18.93
12p1/2  9.0(17)E+05          1110(210)           9.0351E+05   1.7E+05       1107      214  19.36
13p1/2  6.9(14)E+05          1450(290)           6.8795E+05   1.4E+05       1454      285  19.64
 5p3/2  1.503(16)E+08       6.653(71)            1.5031E+08   1.6E+06       6.653    0.071  1.06
 6p3/2  2.699(36)E+07       37.05(52)            2.6988E+07   3.8E+05       37.05     0.52  1.42
 7p3/2  9.03(44)E+06        110.7(54)            9.0350E+06   4.4E+05       110.7      5.4  4.90
 8p3/2  4.20(41)E+06           238(24)           4.2005E+06   4.2E+05        238       24   9.88
 9p3/2  2.37(32)E+06           422(57)           2.3706E+06   3.2E+05        422       57  13.43
10p3/2  1.50(24)E+06          670(110)           1.4974E+06   2.4E+05        668      106  15.93
11p3/2  1.02(18)E+06          980(170)           1.0240E+06   1.8E+05        977      171  17.51
12p3/2  7.3(14)E+05          1360(250)           7.3443E+05   1.4E+05       1362      253  18.59
13p3/2  5.5(11)E+05          1820(350)           5.5078E+05   1.1E+05       1816      348  19.19
 5d3/2  2.853(35)E+08       3.505(51)            2.8531E+08   4.1E+06       3.505    0.051  1.45
 6d3/2  1.509(11)E+08       6.627(59)            1.5091E+08   1.3E+06       6.627    0.059  0.88
 7d3/2  8.653(76)E+07       11.56(12)            8.6527E+07   8.9E+05       11.56     0.12  1.03
 8d3/2  5.378(50)E+07       18.60(20)            5.3777E+07   5.9E+05       18.60     0.20  1.10
 9d3/2  3.566(33)E+07       28.05(31)            3.5656E+07   3.9E+05       28.05     0.31  1.09
10d3/2  2.487(17)E+07       40.21(33)            2.4871E+07   2.0E+05       40.21     0.33  0.82
11d3/2  1.794(19)E+07       55.74(71)            1.7942E+07   2.3E+05       55.74     0.71  1.28
12d3/2  1.341(10)E+07       74.58(67)            1.3409E+07   1.2E+05       74.58     0.67  0.90
 5d5/2  2.797(39)E+08       3.575(50)            2.7968E+08   3.9E+06       3.575    0.050  1.39
 6d5/2  1.472(13)E+08       6.793(61)            1.4721E+08   1.3E+06       6.793    0.061  0.90
 7d5/2  8.421(89)E+07       11.88(13)            8.4209E+07   8.9E+05       11.88     0.13  1.06
 8d5/2  5.220(58)E+07       19.16(21)            5.2200E+07   5.8E+05       19.16     0.21  1.11
 9d5/2  3.462(38)E+07       28.89(32)            3.4618E+07   3.8E+05       28.89     0.32  1.09
10d5/2  2.409(28)E+07       41.52(49)            2.4087E+07   2.8E+05       41.52     0.49  1.17
11d5/2  1.742(20)E+07       57.39(66)            1.7424E+07   2.0E+05       57.39     0.66  1.15
12d5/2  1.296(26)E+07        77.2(16)            1.2958E+07   2.6E+05        77.2      1.6  2.02
