 State    Total rate        Lifetime   Ref.      Total rate     Unc      Lifetime     Unc  Unc %
 5s1/2  2.560(17)E+08       3.906(36)            2.5601E+08   2.3E+06       3.906    0.036  0.91
 6s1/2  1.5648(27)E+08      6.390(15)            1.5648E+08   3.6E+05       6.390    0.015  0.23
 7s1/2  9.410(16)E+07      10.627(24)            9.4102E+07   2.1E+05      10.627    0.024  0.23
 8s1/2  5.947(10)E+07      16.814(39)            5.9474E+07   1.4E+05      16.814    0.039  0.23
 9s1/2  3.959(27)E+07       25.26(23)            3.9588E+07   3.6E+05       25.26     0.23  0.92
10s1/2  2.753(18)E+07       36.33(32)            2.7528E+07   2.5E+05       36.33     0.32  0.89
11s1/2  1.988(13)E+07       50.30(44)            1.9882E+07   1.7E+05       50.30     0.44  0.87
12s1/2  1.4783(95)E+07      67.65(58)            1.4783E+07   1.3E+05       67.65     0.58  0.86
 4p1/2  1.4498(42)E+08       6.904(26) E72       1.4498E+08   4.2E+05       6.904    0.026  0.29
 5p1/2  2.824(85)E+07        35.4(11)            2.8238E+07   8.5E+05        35.4      1.1  3.02
 6p1/2  1.116(96)E+07        89.6(77)            1.1163E+07   9.6E+05        89.6      7.7  8.60
 7p1/2  5.88(70)E+06           170(20)           5.8826E+06   7.0E+05        170       20  11.98
 8p1/2  3.54(49)E+06           282(39)           3.5436E+06   4.9E+05        282       39  13.91
 9p1/2  2.32(35)E+06           431(65)           2.3222E+06   3.5E+05        431       65  15.03
10p1/2  1.61(25)E+06           619(97)           1.6147E+06   2.5E+05        619       97  15.68
11p1/2  1.17(19)E+06          850(140)           1.1698E+06   1.9E+05        855      138  16.09
12p1/2  8.8(14)E+05          1140(190)           8.7655E+05   1.4E+05       1141      186  16.33
 4p3/2  1.4896(41)E+08       6.639(42) E60       1.4896E+08   4.1E+05       6.639    0.042  0.27
 5p3/2  2.874(75)E+07       34.79(94)            2.8740E+07   7.8E+05       34.79     0.94  2.71
 6p3/2  1.110(89)E+07        90.1(73)            1.1097E+07   9.0E+05        90.1      7.3  8.09
 7p3/2  5.74(66)E+06           174(20)           5.7392E+06   6.7E+05        174       20  11.61
 8p3/2  3.41(47)E+06           293(40)           3.4143E+06   4.7E+05        293       40  13.72
 9p3/2  2.22(33)E+06           451(68)           2.2184E+06   3.3E+05        451       68  14.99
10p3/2  1.53(24)E+06          650(100)           1.5337E+06   2.4E+05        652      103  15.75
11p3/2  1.11(18)E+06          900(150)           1.1064E+06   1.8E+05        904      147  16.26
12p3/2  8.3(14)E+05          1210(200)           8.2681E+05   1.4E+05       1209      200  16.56
 4d3/2  3.528(31)E+08       2.834(30)            3.5281E+08   3.7E+06       2.834    0.030  1.05
 5d3/2  1.624(21)E+08       6.159(96)            1.6236E+08   2.5E+06       6.159    0.096  1.55
 6d3/2  8.58(13)E+07        11.66(21)            8.5772E+07   1.6E+06       11.66     0.21  1.84
 7d3/2  5.047(82)E+07       19.81(38)            5.0470E+07   9.7E+05       19.81     0.38  1.92
 8d3/2  3.222(54)E+07       31.03(61)            3.2223E+07   6.3E+05       31.03     0.61  1.96
 9d3/2  2.183(37)E+07       45.81(90)            2.1829E+07   4.3E+05       45.81     0.90  1.97
10d3/2  1.547(26)E+07        64.6(13)            1.5475E+07   3.0E+05        64.6      1.3  1.95
11d3/2  1.140(16)E+07        87.7(15)            1.1400E+07   1.9E+05        87.7      1.5  1.70
 4d5/2  3.506(36)E+08       2.852(30)            3.5058E+08   3.6E+06       2.852    0.030  1.04
 5d5/2  1.610(25)E+08       6.211(97)            1.6100E+08   2.5E+06       6.211    0.097  1.56
 6d5/2  8.50(16)E+07        11.77(22)            8.4954E+07   1.6E+06       11.77     0.22  1.85
 7d5/2  4.995(96)E+07       20.02(39)            4.9953E+07   9.6E+05       20.02     0.39  1.93
 8d5/2  3.188(63)E+07       31.37(62)            3.1879E+07   6.3E+05       31.37     0.62  1.97
 9d5/2  2.159(43)E+07       46.32(92)            2.1588E+07   4.3E+05       46.32     0.92  1.98
10d5/2  1.530(30)E+07        65.3(13)            1.5303E+07   3.0E+05        65.3      1.3  1.95
11d5/2  1.123(22)E+07        89.0(18)            1.1234E+07   2.2E+05        89.0      1.8  1.99
