 4s1/2    4p1/2       770          4.122       0.024       4.122(24) 
 4s1/2    4p3/2       767          5.827       0.034       5.827(34) 
 4s1/2    5p1/2       405          0.276       0.011       0.276(11) 
 4s1/2    5p3/2       405          0.406       0.015       0.406(15) 
 4s1/2    6p1/2       345         0.0839      0.0060      0.0839(60) 
 4s1/2    6p3/2       345         0.1276      0.0083      0.1276(83) 
 4s1/2    7p1/2       322         0.0392      0.0042      0.0392(42) 
 4s1/2    7p3/2       322         0.0614      0.0058      0.0614(58) 
 4s1/2    8p1/2       310         0.0226      0.0032      0.0226(32) 
 4s1/2    8p3/2       310         0.0364      0.0044      0.0364(44) 
 4s1/2    9p1/2       304         0.0148      0.0026      0.0148(26) 
 4s1/2    9p3/2       304         0.0244      0.0035      0.0244(35) 
 4s1/2   10p1/2       299         0.0105      0.0021      0.0105(21) 
 4s1/2   10p3/2       299         0.0177      0.0029      0.0177(29) 
 4s1/2   11p1/2       296         0.0080      0.0018      0.0080(18) 
 4s1/2   11p3/2       296         0.0136      0.0024      0.0136(24) 
 4s1/2   12p1/2       294         0.0063      0.0015      0.0063(15) 
 4s1/2   12p3/2       294         0.0108      0.0021      0.0108(21) 
 4p1/2    3d3/2      1169         7.9488      0.0076      7.9488(76) 
 4p1/2    4d3/2       694          0.095       0.087       0.095(87) 
 4p1/2    5d3/2       581          0.336       0.063       0.336(63) 
 4p1/2    6d3/2       534          0.341       0.044       0.341(44) 
 4p1/2    7d3/2       510          0.297       0.033       0.297(33) 
 4p1/2    8d3/2       495          0.253       0.025       0.253(25) 
 4p1/2    9d3/2       486          0.216       0.020       0.216(20) 
 4p1/2   10d3/2       479          0.187       0.017       0.187(17) 
 4p1/2   11d3/2       475          0.163       0.014       0.163(14) 
 4p3/2    3d3/2      1177         3.5650      0.0031      3.5650(31) 
 4p3/2    3d5/2      1178        10.6949      0.0092     10.6949(92) 
 4p3/2    4d3/2       697          0.032       0.026       0.032(26) 
 4p3/2    4d5/2       697          0.094       0.071       0.094(71) 
 4p3/2    5d3/2       583          0.156       0.028       0.156(28) 
 4p3/2    5d5/2       583          0.471       0.084       0.471(84) 
 4p3/2    6d3/2       536          0.156       0.020       0.156(20) 
 4p3/2    6d5/2       536          0.470       0.059       0.470(59) 
 4p3/2    7d3/2       511          0.136       0.015       0.136(15) 
 4p3/2    7d5/2       511          0.407       0.044       0.407(44) 
 4p3/2    8d3/2       497          0.115       0.011       0.115(11) 
 4p3/2    8d5/2       497          0.346       0.034       0.346(34) 
 4p3/2    9d3/2       487         0.0985      0.0091      0.0985(91) 
 4p3/2    9d5/2       487          0.296       0.027       0.296(27) 
 4p3/2   10d3/2       481         0.0850      0.0075      0.0850(75) 
 4p3/2   10d5/2       481          0.255       0.022       0.255(22) 
 4p3/2   11d3/2       476         0.0742      0.0063      0.0742(63) 
 4p3/2   11d5/2       476          0.223       0.019       0.223(19) 
 3d3/2    4f5/2      1517          12.25        0.19       12.25(19) 
 3d3/2    5f5/2      1103          4.897       0.010       4.897(10) 
 3d3/2    6f5/2       960          2.882       0.018       2.882(18) 
 3d3/2    7f5/2       891          1.989       0.013       1.989(13) 
 3d3/2    8f5/2       851          1.494       0.012       1.494(12) 
 3d3/2    9f5/2       825          1.183       0.011       1.183(11) 
 3d3/2   10f5/2       808         0.9704      0.0097      0.9704(97) 
 3d3/2   11f5/2       796         0.8172      0.0086      0.8172(86) 
 3d5/2    4f5/2      1517          3.274       0.051       3.274(51) 
 3d5/2    4f7/2      1517          14.64        0.23       14.64(23) 
 3d5/2    5f5/2      1102         1.3086      0.0028      1.3086(28) 
 3d5/2    5f7/2      1102          5.852       0.012       5.852(12) 
 3d5/2    6f5/2       960         0.7703      0.0047      0.7703(47) 
 3d5/2    6f7/2       960          3.445       0.021       3.445(21) 
 3d5/2    7f5/2       890         0.5315      0.0036      0.5315(36) 
 3d5/2    7f7/2       890          2.377       0.016       2.377(16) 
 3d5/2    8f5/2       851         0.3993      0.0033      0.3993(33) 
 3d5/2    8f7/2       851          1.786       0.015       1.786(15) 
 3d5/2    9f5/2       825         0.3161      0.0029      0.3161(29) 
 3d5/2    9f7/2       825          1.414       0.013       1.414(13) 
 3d5/2   10f5/2       808         0.2594      0.0026      0.2594(26) 
 3d5/2   10f7/2       808          1.160       0.012       1.160(12) 
 3d5/2   11f5/2       796         0.2185      0.0023      0.2185(23) 
 3d5/2   11f7/2       796          0.977       0.010       0.977(10) 
 5s1/2    4p1/2      1244         3.8856      0.0072      3.8856(72) 
 5s1/2    4p3/2      1253          5.535       0.010       5.535(10) 
 5s1/2    5p1/2      2721          9.488       0.026       9.488(26) 
 5s1/2    5p3/2      2707         13.397       0.037      13.397(37) 
 5s1/2    6p1/2      1254          0.893       0.012       0.893(12) 
 5s1/2    6p3/2      1253          1.292       0.017       1.292(17) 
 5s1/2    7p1/2       996         0.3351      0.0044      0.3351(44) 
 5s1/2    7p3/2       995         0.4906      0.0066      0.4906(66) 
 5s1/2    8p1/2       893         0.1837      0.0027      0.1837(27) 
 5s1/2    8p3/2       893         0.2711      0.0038      0.2711(38) 
 5s1/2    9p1/2       839         0.1201      0.0018      0.1201(18) 
 5s1/2    9p3/2       839         0.1782      0.0026      0.1782(26) 
 5s1/2   10p1/2       808         0.0867      0.0014      0.0867(14) 
 5s1/2   10p3/2       807         0.1292      0.0021      0.1292(21) 
 5s1/2   11p1/2       787         0.0667      0.0012      0.0667(12) 
 5s1/2   11p3/2       787         0.0996      0.0017      0.0996(17) 
 5s1/2   12p1/2       772         0.0536      0.0010      0.0536(10) 
 5s1/2   12p3/2       772         0.0802      0.0014      0.0802(14) 
 5p1/2    3d3/2      3160           7.17        0.17        7.17(17) 
 5p1/2    4d3/2      3708         17.023       0.082      17.023(82) 
 5p1/2    5d3/2      1823           0.87        0.14        0.87(14) 
 5p1/2    6d3/2      1430          0.083       0.098       0.083(98) 
 5p1/2    7d3/2      1266          0.229       0.069       0.229(69) 
 5p1/2    8d3/2      1180          0.241       0.052       0.241(52) 
 5p1/2    9d3/2      1127          0.224       0.040       0.224(40) 
 5p1/2   10d3/2      1093          0.202       0.033       0.202(33) 
 5p1/2   11d3/2      1069          0.181       0.027       0.181(27) 
 5p3/2    3d3/2      3142          3.194       0.075       3.194(75) 
 5p3/2    3d5/2      3139           9.58        0.23        9.58(23) 
 5p3/2    4d3/2      3734          7.635       0.036       7.635(36) 
 5p3/2    4d5/2      3736          22.91        0.11       22.91(11) 
 5p3/2    5d3/2      1830          0.371       0.064       0.371(64) 
 5p3/2    5d5/2      1830           1.11        0.19        1.11(19) 
 5p3/2    6d3/2      1433          0.048       0.044       0.048(44) 
 5p3/2    6d5/2      1434           0.15        0.13        0.15(13) 
 5p3/2    7d3/2      1269          0.109       0.031       0.109(31) 
 5p3/2    7d5/2      1269          0.330       0.093       0.330(93) 
 5p3/2    8d3/2      1182          0.113       0.023       0.113(23) 
 5p3/2    8d5/2      1182          0.340       0.069       0.340(69) 
 5p3/2    9d3/2      1130          0.104       0.018       0.104(18) 
 5p3/2    9d5/2      1130          0.314       0.054       0.314(54) 
 5p3/2   10d3/2      1095          0.094       0.015       0.094(15) 
 5p3/2   10d5/2      1095          0.282       0.044       0.282(44) 
 5p3/2   11d3/2      1071          0.084       0.012       0.084(12) 
 5p3/2   11d5/2      1071          0.252       0.036       0.252(36) 
 4d3/2    4f5/2                   25.378       0.044      25.378(44) 
 4d3/2    5f5/2      3117          12.91        0.61       12.91(61) 
 4d3/2    6f5/2      2195           6.21        0.12        6.21(12) 
 4d3/2    7f5/2      1863          3.908       0.041       3.908(41) 
 4d3/2    8f5/2      1697          2.791       0.017       2.791(17) 
 4d3/2    9f5/2      1599          2.142       0.011       2.142(11) 
 4d3/2   10f5/2      1536         1.7219      0.0095      1.7219(95) 
 4d3/2   11f5/2      1492         1.4289      0.0082      1.4289(82) 
 4d5/2    4f5/2                    6.783       0.012       6.783(12) 
 4d5/2    4f7/2                   30.333       0.052      30.333(52) 
 4d5/2    5f5/2      3116           3.45        0.16        3.45(16) 
 4d5/2    5f7/2      3116          15.42        0.73       15.42(73) 
 4d5/2    6f5/2      2195          1.658       0.033       1.658(33) 
 4d5/2    6f7/2      2195           7.42        0.15        7.42(15) 
 4d5/2    7f5/2      1863          1.044       0.011       1.044(11) 
 4d5/2    7f7/2      1863          4.670       0.049       4.670(49) 
 4d5/2    8f5/2      1697         0.7458      0.0045      0.7458(45) 
 4d5/2    8f7/2      1697          3.336       0.020       3.336(20) 
 4d5/2    9f5/2      1599         0.5725      0.0030      0.5725(30) 
 4d5/2    9f7/2      1599          2.560       0.013       2.560(13) 
 4d5/2   10f5/2      1535         0.4601      0.0025      0.4601(25) 
 4d5/2   10f7/2      1535          2.058       0.011       2.058(11) 
 4d5/2   11f5/2      1492         0.3818      0.0022      0.3818(22) 
 4d5/2   11f7/2      1492         1.7077      0.0097      1.7077(97) 
 6s1/2    4p1/2       691         0.9035      0.0037      0.9035(37) 
 6s1/2    4p3/2       694         1.2788      0.0053      1.2788(53) 
 6s1/2    5p1/2      3637          8.785       0.013       8.785(13) 
 6s1/2    5p3/2      3662         12.502       0.020      12.502(20) 
 6s1/2    6p1/2      6458         16.614       0.041      16.614(41) 
 6s1/2    6p3/2      6423         23.448       0.059      23.448(59) 
 6s1/2    7p1/2      2763          1.704       0.013       1.704(13) 
 6s1/2    7p3/2      2760          2.456       0.018       2.456(18) 
 6s1/2    8p1/2      2093         0.6671      0.0070      0.6671(70) 
 6s1/2    8p3/2      2092         0.9694      0.0098      0.9694(98) 
 6s1/2    9p1/2      1822         0.3727      0.0033      0.3727(33) 
 6s1/2    9p3/2      1821         0.5444      0.0048      0.5444(48) 
 6s1/2   10p1/2      1678         0.2473      0.0026      0.2473(26) 
 6s1/2   10p3/2      1678         0.3625      0.0037      0.3625(37) 
 6s1/2   11p1/2      1591         0.1804      0.0021      0.1804(21) 
 6s1/2   11p3/2      1591         0.2652      0.0030      0.2652(30) 
 6s1/2   12p1/2      1533         0.1399      0.0017      0.1399(17) 
 6s1/2   12p3/2      1533         0.2060      0.0025      0.2060(25) 
 6p1/2    3d3/2      1340          1.011       0.030       1.011(30) 
 6p1/2    4d3/2      6246          14.54        0.49       14.54(49) 
 6p1/2    5d3/2      8428          29.00        0.19       29.00(19) 
 6p1/2    6d3/2      3708           1.86        0.19        1.86(19) 
 6p1/2    7d3/2      2778           0.26        0.13        0.26(13) 
 6p1/2    8d3/2      2393          0.054       0.095       0.054(95) 
 6p1/2    9d3/2      2187          0.138       0.071       0.138(71) 
 6p1/2   10d3/2      2061          0.158       0.056       0.158(56) 
 6p1/2   11d3/2      1977          0.157       0.046       0.157(46) 
 6p3/2    3d3/2      1339          0.455       0.013       0.455(13) 
 6p3/2    3d5/2      1338          1.365       0.039       1.365(39) 
 6p3/2    4d3/2      6213           6.47        0.22        6.47(22) 
 6p3/2    4d5/2      6209          19.41        0.66       19.41(66) 
 6p3/2    5d3/2      8489         13.007       0.083      13.007(83) 
 6p3/2    5d5/2      8492          39.03        0.25       39.03(25) 
 6p3/2    6d3/2      3720          0.802       0.087       0.802(87) 
 6p3/2    6d5/2      3720           2.40        0.26        2.40(26) 
 6p3/2    7d3/2      2785          0.102       0.060       0.102(60) 
 6p3/2    7d5/2      2785           0.30        0.18        0.30(18) 
 6p3/2    8d3/2      2398          0.035       0.043       0.035(43) 
 6p3/2    8d5/2      2398           0.11        0.13        0.11(13) 
 6p3/2    9d3/2      2191          0.070       0.032       0.070(32) 
 6p3/2    9d5/2      2191          0.210       0.095       0.210(95) 
 6p3/2   10d3/2      2064          0.077       0.025       0.077(25) 
 6p3/2   10d5/2      2064          0.232       0.075       0.232(75) 
 6p3/2   11d3/2      1980          0.075       0.020       0.075(20) 
 6p3/2   11d5/2      1980          0.226       0.061       0.226(61) 
 5d3/2    4f5/2      4859           7.39        0.21        7.39(21) 
 5d3/2    5f5/2                    47.09        0.20       47.09(20) 
 5d3/2    6f5/2      5658           13.6         1.0        13.6(1.0)
 5d3/2    7f5/2      3877           7.06        0.26        7.06(26) 
 5d3/2    8f5/2      3220           4.59        0.11        4.59(11) 
 5d3/2    9f5/2      2885          3.341       0.062       3.341(62) 
 5d3/2   10f5/2      2685          2.596       0.039       2.596(39) 
 5d3/2   11f5/2      2554          2.105       0.027       2.105(27) 
 5d5/2    4f5/2      4861          1.975       0.055       1.975(55) 
 5d5/2    4f7/2      4861           8.83        0.25        8.83(25) 
 5d5/2    5f5/2                   12.584       0.054      12.584(54) 
 5d5/2    5f7/2                    56.28        0.24       56.28(24) 
 5d5/2    6f5/2      5656           3.63        0.27        3.63(27) 
 5d5/2    6f7/2      5656           16.3         1.2        16.3(1.2)
 5d5/2    7f5/2      3877          1.886       0.069       1.886(69) 
 5d5/2    7f7/2      3877           8.43        0.31        8.43(31) 
 5d5/2    8f5/2      3219          1.227       0.030       1.227(30) 
 5d5/2    8f7/2      3219           5.49        0.13        5.49(13) 
 5d5/2    9f5/2      2884          0.893       0.017       0.893(17) 
 5d5/2    9f7/2      2884          3.992       0.074       3.992(74) 
 5d5/2   10f5/2      2684          0.694       0.011       0.694(11) 
 5d5/2   10f7/2      2684          3.102       0.047       3.102(47) 
 5d5/2   11f5/2      2554         0.5624      0.0072      0.5624(72) 
 5d5/2   11f7/2      2554          2.515       0.032       2.515(32) 
 7s1/2    4p1/2       578         0.4763      0.0023      0.4763(23) 
 7s1/2    4p3/2       580         0.6734      0.0032      0.6734(32) 
 7s1/2    5p1/2      1794         1.8015      0.0079      1.8015(79) 
 7s1/2    5p3/2      1800          2.545       0.011       2.545(11) 
 7s1/2    6p1/2      7843         15.389       0.025      15.389(25) 
 7s1/2    6p3/2      7896         21.890       0.036      21.890(36) 
 7s1/2    7p1/2                   25.598       0.059      25.598(59) 
 7s1/2    7p3/2                   36.115       0.085      36.115(85) 
 7s1/2    8p1/2      5120          2.733       0.018       2.733(18) 
 7s1/2    8p3/2      5113          3.930       0.025       3.930(25) 
 7s1/2    9p1/2      3751          1.082       0.010       1.082(10) 
 7s1/2    9p3/2      3749          1.567       0.010       1.567(10) 
 7s1/2   10p1/2      3189         0.6114      0.0053      0.6114(53) 
 7s1/2   10p3/2      3188         0.8891      0.0076      0.8891(76) 
 7s1/2   11p1/2      2888         0.4075      0.0041      0.4075(41) 
 7s1/2   11p3/2      2888         0.5943      0.0059      0.5943(59) 
 7s1/2   12p1/2      2704         0.2983      0.0033      0.2983(33) 
 7s1/2   12p3/2      2704         0.4360      0.0047      0.4360(47) 
 7p1/2    3d3/2      1049          0.489       0.017       0.489(17) 
 7p1/2    4d3/2      2723          2.366       0.092       2.366(92) 
 7p1/2    5d3/2                    24.04        0.84       24.04(84) 
 7p1/2    6d3/2                    43.80        0.32       43.80(32) 
 7p1/2    7d3/2      6542           3.09        0.24        3.09(24) 
 7p1/2    8d3/2      4743           0.71        0.17        0.71(17) 
 7p1/2    9d3/2      3996           0.18        0.12        0.18(12) 
 7p1/2   10d3/2      3595          0.004       0.083       0.004(83) 
 7p1/2   11d3/2      3348          0.061       0.072       0.061(72) 
 7p3/2    3d3/2      1049         0.2202      0.0074      0.2202(74) 
 7p3/2    3d5/2      1048          0.661       0.022       0.661(22) 
 7p3/2    4d3/2      2720          1.063       0.039       1.063(39) 
 7p3/2    4d5/2      2719           3.19        0.12        3.19(12) 
 7p3/2    5d3/2                    10.70        0.38       10.70(38) 
 7p3/2    5d5/2                     32.1         1.1        32.1(1.1)
 7p3/2    6d3/2                    19.65        0.14       19.65(14) 
 7p3/2    6d5/2                    58.95        0.42       58.95(42) 
 7p3/2    7d3/2      6561           1.34        0.11        1.34(11) 
 7p3/2    7d5/2      6562           4.01        0.33        4.01(33) 
 7p3/2    8d3/2      4753          0.294       0.077       0.294(77) 
 7p3/2    8d5/2      4753           0.88        0.23        0.88(23) 
 7p3/2    9d3/2      4004          0.065       0.054       0.065(54) 
 7p3/2    9d5/2      4004           0.19        0.16        0.19(16) 
 7p3/2   10d3/2      3601          0.009       0.041       0.009(41) 
 7p3/2   10d5/2      3601           0.03        0.12        0.03(12) 
 7p3/2   11d3/2      3353          0.036       0.032       0.036(32) 
 7p3/2   11d5/2      3353          0.109       0.097       0.109(97) 
 6d3/2    4f5/2      2802          2.073       0.063       2.073(63) 
 6d3/2    5f5/2      9179          15.99        0.41       15.99(41) 
 6d3/2    6f5/2                    72.28        0.42       72.28(42) 
 6d3/2    7f5/2      9358           14.5         1.4        14.5(1.4)
 6d3/2    8f5/2      6269           7.83        0.40        7.83(40) 
 6d3/2    9f5/2      5112           5.19        0.19        5.19(19) 
 6d3/2   10f5/2      4516           3.81        0.11        3.81(11) 
 6d3/2   11f5/2      4158          2.983       0.072       2.983(72) 
 6d5/2    4f5/2      2803          0.554       0.017       0.554(17) 
 6d5/2    4f7/2      2803          2.479       0.075       2.479(75) 
 6d5/2    5f5/2      9181           4.28        0.11        4.28(11) 
 6d5/2    5f7/2      9181          19.12        0.48       19.12(48) 
 6d5/2    6f5/2                    19.32        0.11       19.32(11) 
 6d5/2    6f7/2                    86.39        0.49       86.39(49) 
 6d5/2    7f5/2      9355           3.86        0.38        3.86(38) 
 6d5/2    7f7/2      9355           17.3         1.7        17.3(1.7)
 6d5/2    8f5/2      6268           2.09        0.11        2.09(11) 
 6d5/2    8f7/2      6268           9.35        0.47        9.35(47) 
 6d5/2    9f5/2      5111          1.385       0.050       1.385(50) 
 6d5/2    9f7/2      5111           6.19        0.22        6.19(22) 
 6d5/2   10f5/2      4516          1.018       0.029       1.018(29) 
 6d5/2   10f7/2      4516           4.55        0.13        4.55(13) 
 6d5/2   11f5/2      4157          0.797       0.019       0.797(19) 
 6d5/2   11f7/2      4157          3.564       0.087       3.564(87) 
 8s1/2    4p1/2       532         0.3141      0.0016      0.3141(16) 
 8s1/2    4p3/2       534         0.4439      0.0022      0.4439(22) 
 8s1/2    5p1/2      1416         0.9123      0.0046      0.9123(46) 
 8s1/2    5p3/2      1419         1.2868      0.0066      1.2868(66) 
 8s1/2    6p1/2      3615          2.954       0.013       2.954(13) 
 8s1/2    6p3/2      3626          4.168       0.019       4.168(19) 
 8s1/2    7p1/2                   23.712       0.039      23.712(39) 
 8s1/2    7p3/2                   33.717       0.057      33.717(57) 
 8s1/2    8p1/2                   36.458       0.079      36.458(79) 
 8s1/2    8p3/2                    51.43        0.11       51.43(11) 
 8s1/2    9p1/2      8512          3.975       0.024       3.975(24) 
 8s1/2    9p3/2      8499          5.709       0.034       5.709(34) 
 8s1/2   10p1/2      6080         1.5836      0.0099      1.5836(99) 
 8s1/2   10p3/2      6075          2.289       0.014       2.289(14) 
 8s1/2   11p1/2      5073         0.8973      0.0073      0.8973(73) 
 8s1/2   11p3/2      5071          1.302       0.010       1.302(10) 
 8s1/2   12p1/2      4531         0.5988      0.0057      0.5988(57) 
 8s1/2   12p3/2      4530         0.8707      0.0080      0.8707(80) 
 8p1/2    3d3/2       935          0.311       0.016       0.311(16) 
 8p1/2    4d3/2      2071          1.147       0.045       1.147(45) 
 8p1/2    5d3/2      4898           4.11        0.15        4.11(15) 
 8p1/2    6d3/2                     35.8         1.2        35.8(1.2)
 8p1/2    7d3/2                    61.41        0.47       61.41(47) 
 8p1/2    8d3/2                     4.57        0.29        4.57(29) 
 8p1/2    9d3/2      7437           1.25        0.21        1.25(21) 
 8p1/2   10d3/2      6157           0.46        0.15        0.46(15) 
 8p1/2   11d3/2      5466           0.18        0.11        0.18(11) 
 8p3/2    3d3/2       935         0.1403      0.0070      0.1403(70) 
 8p3/2    3d5/2       935          0.421       0.021       0.421(21) 
 8p3/2    4d3/2      2070          0.516       0.020       0.516(20) 
 8p3/2    4d5/2      2069          1.548       0.059       1.548(59) 
 8p3/2    5d3/2      4892          1.846       0.065       1.846(65) 
 8p3/2    5d5/2      4890           5.54        0.19        5.54(19) 
 8p3/2    6d3/2                    15.94        0.55       15.94(55) 
 8p3/2    6d5/2                     47.8         1.6        47.8(1.6)
 8p3/2    7d3/2                    27.54        0.21       27.54(21) 
 8p3/2    7d5/2                    82.64        0.62       82.64(62) 
 8p3/2    8d3/2                     1.99        0.13        1.99(13) 
 8p3/2    8d5/2                     5.96        0.40        5.96(40) 
 8p3/2    9d3/2      7451          0.529       0.094       0.529(94) 
 8p3/2    9d5/2      7452           1.58        0.28        1.58(28) 
 8p3/2   10d3/2      6167          0.188       0.067       0.188(67) 
 8p3/2   10d5/2      6167           0.56        0.20        0.56(20) 
 8p3/2   11d3/2      5474          0.068       0.051       0.068(51) 
 8p3/2   11d5/2      5474           0.20        0.15        0.20(15) 
 7d3/2    4f5/2      2237          1.080       0.032       1.080(32) 
 7d3/2    5f5/2      5021           4.35        0.12        4.35(12) 
 7d3/2    6f5/2                    26.97        0.63       26.97(63) 
 7d3/2    7f5/2                   101.44        0.67      101.44(67) 
 7d3/2    8f5/2                     15.5         1.8        15.5(1.8)
 7d3/2    9f5/2      9489           8.60        0.54        8.60(54) 
 7d3/2   10f5/2      7622           5.76        0.26        5.76(26) 
 7d3/2   11f5/2      6654           4.26        0.16        4.26(16) 
 7d5/2    4f5/2      2237         0.2888      0.0085      0.2888(85) 
 7d5/2    4f7/2      2237          1.292       0.038       1.292(38) 
 7d5/2    5f5/2      5021          1.162       0.032       1.162(32) 
 7d5/2    5f7/2      5021           5.20        0.14        5.20(14) 
 7d5/2    6f5/2                     7.21        0.17        7.21(17) 
 7d5/2    6f7/2                    32.25        0.75       32.25(75) 
 7d5/2    7f5/2                    27.11        0.18       27.11(18) 
 7d5/2    7f7/2                   121.23        0.79      121.23(79) 
 7d5/2    8f5/2                     4.12        0.49        4.12(49) 
 7d5/2    8f7/2                     18.4         2.2        18.4(2.2)
 7d5/2    9f5/2      9487           2.30        0.14        2.30(14) 
 7d5/2    9f7/2      9487          10.27        0.64       10.27(64) 
 7d5/2   10f5/2      7621          1.538       0.070       1.538(70) 
 7d5/2   10f7/2      7621           6.88        0.31        6.88(31) 
 7d5/2   11f5/2      6653          1.138       0.042       1.138(42) 
 7d5/2   11f7/2      6653           5.09        0.19        5.09(19) 
 9s1/2    4p1/2       509         0.2301      0.0012      0.2301(12) 
 9s1/2    4p3/2       510         0.3251      0.0017      0.3251(17) 
 9s1/2    5p1/2      1258         0.5918      0.0031      0.5918(31) 
 9s1/2    5p3/2      1261         0.8343      0.0044      0.8343(44) 
 9s1/2    6p1/2      2740         1.4561      0.0074      1.4561(74) 
 9s1/2    6p3/2      2747          2.051       0.011       2.051(11) 
 9s1/2    7p1/2      6335          4.362       0.019       4.362(19) 
 9s1/2    7p3/2      6353          6.151       0.028       6.151(28) 
 9s1/2    8p1/2                   33.758       0.059      33.758(59) 
 9s1/2    8p3/2                   47.991       0.085      47.991(85) 
 9s1/2    9p1/2                    49.20        0.10       49.20(10) 
 9s1/2    9p3/2                    69.38        0.15       69.38(15) 
 9s1/2   10p1/2                    5.430       0.031       5.430(31) 
 9s1/2   10p3/2                    7.793       0.044       7.793(44) 
 9s1/2   11p1/2      9190          2.170       0.013       2.170(13) 
 9s1/2   11p3/2      9183          3.132       0.019       3.132(19) 
 9s1/2   12p1/2      7554         1.2304      0.0097      1.2304(97) 
 9s1/2   12p3/2      7550          1.782       0.014       1.782(14) 
 9p1/2    3d3/2       877          0.224       0.012       0.224(12) 
 9p1/2    4d3/2      1804          0.729       0.029       0.729(29) 
 9p1/2    5d3/2      3630          1.984       0.081       1.984(81) 
 9p1/2    6d3/2      8038           6.24        0.23        6.24(23) 
 9p1/2    7d3/2                     49.9         1.6        49.9(1.6)
 9p1/2    8d3/2                    81.79        0.64       81.79(64) 
 9p1/2    9d3/2                     6.30        0.35        6.30(35) 
 9p1/2   10d3/2                     1.89        0.25        1.89(25) 
 9p1/2   11d3/2      8954           0.80        0.18        0.80(18) 
 9p3/2    3d3/2       877         0.1010      0.0051      0.1010(51) 
 9p3/2    3d5/2       877          0.303       0.015       0.303(15) 
 9p3/2    4d3/2      1804          0.328       0.013       0.328(13) 
 9p3/2    4d5/2      1803          0.985       0.038       0.985(38) 
 9p3/2    5d3/2      3628          0.892       0.036       0.892(36) 
 9p3/2    5d5/2      3628           2.68        0.11        2.68(11) 
 9p3/2    6d3/2      8027          2.800       0.100       2.800(00) 
 9p3/2    6d5/2      8026           8.40        0.30        8.40(30) 
 9p3/2    7d3/2                    22.21        0.73       22.21(73) 
 9p3/2    7d5/2                     66.6         2.2        66.6(2.2)
 9p3/2    8d3/2                    36.69        0.28       36.69(28) 
 9p3/2    8d5/2                   110.09        0.84      110.09(84) 
 9p3/2    9d3/2                     2.75        0.16        2.75(16) 
 9p3/2    9d5/2                     8.24        0.47        8.24(47) 
 9p3/2   10d3/2                     0.81        0.11        0.81(11) 
 9p3/2   10d5/2                     2.41        0.34        2.41(34) 
 9p3/2   11d3/2      8968          0.335       0.081       0.335(81) 
 9p3/2   11d5/2      8968           1.00        0.24        1.00(24) 
 8d3/2    4f5/2      1980          0.701       0.020       0.701(20) 
 8d3/2    5f5/2      3889          2.240       0.060       2.240(60) 
 8d3/2    6f5/2      8163           7.18        0.19        7.18(19) 
 8d3/2    7f5/2                    40.32        0.87       40.32(87) 
 8d3/2    8f5/2                   134.71        0.95      134.71(95) 
 8d3/2    9f5/2                     16.6         2.3        16.6(2.3)
 8d3/2   10f5/2                     9.41        0.69        9.41(69) 
 8d3/2   11f5/2                     6.34        0.34        6.34(34) 
 8d5/2    4f5/2      1980         0.1873      0.0053      0.1873(53) 
 8d5/2    4f7/2      1980          0.838       0.024       0.838(24) 
 8d5/2    5f5/2      3889          0.599       0.016       0.599(16) 
 8d5/2    5f7/2      3889          2.679       0.072       2.679(72) 
 8d5/2    6f5/2      8164          1.919       0.050       1.919(50) 
 8d5/2    6f7/2      8164           8.58        0.22        8.58(22) 
 8d5/2    7f5/2                    10.78        0.23       10.78(23) 
 8d5/2    7f7/2                     48.2         1.0        48.2(1.0)
 8d5/2    8f5/2                    36.00        0.25       36.00(25) 
 8d5/2    8f7/2                    161.0         1.1       161.0(1.1)
 8d5/2    9f5/2                     4.42        0.61        4.42(61) 
 8d5/2    9f7/2                     19.7         2.7        19.7(2.7)
 8d5/2   10f5/2                     2.51        0.18        2.51(18) 
 8d5/2   10f7/2                    11.23        0.82       11.23(82) 
 8d5/2   11f5/2                    1.693       0.090       1.693(90) 
 8d5/2   11f7/2                     7.57        0.40        7.57(40) 
10s1/2    4p1/2       494        0.17911     0.00092     0.17911(92) 
10s1/2    4p3/2       496         0.2530      0.0013      0.2530(13) 
10s1/2    5p1/2      1175         0.4304      0.0023      0.4304(23) 
10s1/2    5p3/2      1177         0.6066      0.0033      0.6066(33) 
10s1/2    6p1/2      2373         0.9316      0.0050      0.9316(50) 
10s1/2    6p3/2      2377         1.3116      0.0071      1.3116(71) 
10s1/2    7p1/2      4663          2.107       0.011       2.107(11) 
10s1/2    7p3/2      4673          2.966       0.016       2.966(16) 
10s1/2    8p1/2                    6.026       0.027       6.026(27) 
10s1/2    8p3/2                    8.492       0.038       8.492(38) 
10s1/2    9p1/2                   45.529       0.082      45.529(82) 
10s1/2    9p3/2                    64.72        0.12       64.72(12) 
10s1/2   10p1/2                    63.81        0.13       63.81(13) 
10s1/2   10p3/2                    89.99        0.19       89.99(19) 
10s1/2   11p1/2                    7.100       0.039       7.100(39) 
10s1/2   11p3/2                   10.183       0.055      10.183(55) 
10s1/2   12p1/2                    2.841       0.017       2.841(17) 
10s1/2   12p3/2                    4.096       0.024       4.096(24) 
10p1/2    3d3/2       842         0.1792      0.0091      0.1792(91) 
10p1/2    4d3/2      1663          0.525       0.021       0.525(21) 
10p1/2    5d3/2      3101          1.256       0.053       1.256(53) 
10p1/2    6d3/2      5834           2.99        0.12        2.99(12) 
10p1/2    7d3/2                     8.74        0.32        8.74(32) 
10p1/2    8d3/2                     66.3         2.1        66.3(2.1)
10p1/2    9d3/2                   104.96        0.82      104.96(82) 
10p1/2   10d3/2                     8.30        0.40        8.30(40) 
10p1/2   11d3/2                     2.62        0.29        2.62(29) 
10p3/2    3d3/2       842         0.0807      0.0039      0.0807(39) 
10p3/2    3d5/2       842          0.242       0.012       0.242(12) 
10p3/2    4d3/2      1663         0.2360      0.0092      0.2360(92) 
10p3/2    4d5/2      1663          0.708       0.028       0.708(28) 
10p3/2    5d3/2      3100          0.565       0.023       0.565(23) 
10p3/2    5d5/2      3100          1.694       0.069       1.694(69) 
10p3/2    6d3/2      5830          1.344       0.055       1.344(55) 
10p3/2    6d5/2      5829           4.03        0.16        4.03(16) 
10p3/2    7d3/2                     3.92        0.14        3.92(14) 
10p3/2    7d5/2                    11.77        0.42       11.77(42) 
10p3/2    8d3/2                    29.53        0.93       29.53(93) 
10p3/2    8d5/2                     88.5         2.8        88.5(2.8)
10p3/2    9d3/2                    47.08        0.36       47.08(36) 
10p3/2    9d5/2                    141.3         1.1       141.3(1.1)
10p3/2   10d3/2                     3.63        0.18        3.63(18) 
10p3/2   10d5/2                    10.86        0.55       10.86(55) 
10p3/2   11d3/2                     1.13        0.13        1.13(13) 
10p3/2   11d5/2                     3.37        0.40        3.37(40) 
 9d3/2    4f5/2      1837          0.508       0.014       0.508(14) 
 9d3/2    5f5/2      3372          1.444       0.038       1.444(38) 
 9d3/2    6f5/2      6177          3.668       0.092       3.668(92) 
 9d3/2    7f5/2                    10.56        0.26       10.56(26) 
 9d3/2    8f5/2                     56.0         1.1        56.0(1.1)
 9d3/2    9f5/2                    172.2         1.3       172.2(1.3)
 9d3/2   10f5/2                     17.7         2.8        17.7(2.8)
 9d3/2   11f5/2                    10.24        0.85       10.24(85) 
 9d5/2    4f5/2      1837         0.1357      0.0037      0.1357(37) 
 9d5/2    4f7/2      1837          0.607       0.017       0.607(17) 
 9d5/2    5f5/2      3372          0.386       0.010       0.386(10) 
 9d5/2    5f7/2      3372          1.726       0.045       1.726(45) 
 9d5/2    6f5/2      6177          0.980       0.024       0.980(24) 
 9d5/2    6f7/2      6177           4.38        0.11        4.38(11) 
 9d5/2    7f5/2                    2.824       0.069       2.824(69) 
 9d5/2    7f7/2                    12.63        0.31       12.63(31) 
 9d5/2    8f5/2                    14.98        0.30       14.98(30) 
 9d5/2    8f7/2                     67.0         1.4        67.0(1.4)
 9d5/2    9f5/2                    46.01        0.34       46.01(34) 
 9d5/2    9f7/2                    205.8         1.5       205.8(1.5)
 9d5/2   10f5/2                     4.73        0.74        4.73(74) 
 9d5/2   10f7/2                     21.2         3.3        21.2(3.3)
 9d5/2   11f5/2                     2.73        0.23        2.73(23) 
 9d5/2   11f7/2                     12.2         1.0        12.2(1.0)
11s1/2    4p1/2       485        0.14512     0.00076     0.14512(76) 
11s1/2    4p3/2       486         0.2050      0.0011      0.2050(11) 
11s1/2    5p1/2      1124         0.3342      0.0018      0.3342(18) 
11s1/2    5p3/2      1126         0.4710      0.0026      0.4710(26) 
11s1/2    6p1/2      2174         0.6726      0.0036      0.6726(36) 
11s1/2    6p3/2      2178         0.9467      0.0053      0.9467(53) 
11s1/2    7p1/2      3955         1.3327      0.0072      1.3327(72) 
11s1/2    7p3/2      3962          1.875       0.010       1.875(10) 
11s1/2    8p1/2      7293          2.865       0.015       2.865(15) 
11s1/2    8p3/2      7308          4.031       0.021       4.031(21) 
11s1/2    9p1/2                    7.944       0.035       7.944(35) 
11s1/2    9p3/2                   11.192       0.051      11.192(51) 
11s1/2   10p1/2                    59.03        0.11       59.03(11) 
11s1/2   10p3/2                    83.89        0.16       83.89(16) 
11s1/2   11p1/2                    80.32        0.16       80.32(16) 
11s1/2   11p3/2                   113.25        0.23      113.25(23) 
11s1/2   12p1/2                    8.983       0.048       8.983(48) 
11s1/2   12p3/2                   12.877       0.067      12.877(67) 
11p1/2    3d3/2       820         0.1444      0.0073      0.1444(73) 
11p1/2    4d3/2      1578          0.405       0.016       0.405(16) 
11p1/2    5d3/2      2816          0.901       0.038       0.901(38) 
11p1/2    6d3/2      4901          1.881       0.080       1.881(80) 
11p1/2    7d3/2      8787           4.16        0.17        4.16(17) 
11p1/2    8d3/2                    11.62        0.43       11.62(43) 
11p1/2    9d3/2                     85.1         2.6        85.1(2.6)
11p1/2   10d3/2                    130.9         1.0       130.9(1.0)
11p1/2   11d3/2                    10.55        0.47       10.55(47) 
11p3/2    3d3/2       820         0.0650      0.0032      0.0650(32) 
11p3/2    3d5/2       819         0.1951      0.0095      0.1951(95) 
11p3/2    4d3/2      1577         0.1821      0.0071      0.1821(71) 
11p3/2    4d5/2      1577          0.547       0.021       0.547(21) 
11p3/2    5d3/2      2816          0.405       0.017       0.405(17) 
11p3/2    5d5/2      2815          1.215       0.050       1.215(50) 
11p3/2    6d3/2      4899          0.846       0.035       0.846(35) 
11p3/2    6d5/2      4899           2.54        0.11        2.54(11) 
11p3/2    7d3/2      8781          1.870       0.077       1.870(77) 
11p3/2    7d5/2      8779           5.61        0.23        5.61(23) 
11p3/2    8d3/2                     5.22        0.19        5.22(19) 
11p3/2    8d5/2                    15.65        0.56       15.65(56) 
11p3/2    9d3/2                     37.9         1.2        37.9(1.2)
11p3/2    9d5/2                    113.6         3.5       113.6(3.5)
11p3/2   10d3/2                    58.72        0.46       58.72(46) 
11p3/2   10d5/2                    176.2         1.4       176.2(1.4)
11p3/2   11d3/2                     4.61        0.21        4.61(21) 
11p3/2   11d5/2                    13.82        0.63       13.82(63) 
10d3/2    4f5/2      1747          0.393       0.011       0.393(11) 
10d3/2    5f5/2      3082          1.042       0.027       1.042(27) 
10d3/2    6f5/2      5267          2.351       0.057       2.351(57) 
10d3/2    7f5/2      9201           5.36        0.13        5.36(13) 
10d3/2    8f5/2                    14.50        0.34       14.50(34) 
10d3/2    9f5/2                     74.1         1.4        74.1(1.4)
10d3/2   10f5/2                    213.9         1.6       213.9(1.6)
10d3/2   11f5/2                     19.0         3.3        19.0(3.3)
10d5/2    4f5/2      1747         0.1050      0.0028      0.1050(28) 
10d5/2    4f7/2      1747          0.470       0.013       0.470(13) 
10d5/2    5f5/2      3082         0.2785      0.0071      0.2785(71) 
10d5/2    5f7/2      3082          1.246       0.032       1.246(32) 
10d5/2    6f5/2      5268          0.628       0.015       0.628(15) 
10d5/2    6f7/2      5268          2.810       0.068       2.810(68) 
10d5/2    7f5/2      9201          1.433       0.034       1.433(34) 
10d5/2    7f7/2      9201           6.41        0.15        6.41(15) 
10d5/2    8f5/2                    3.877       0.091       3.877(91) 
10d5/2    8f7/2                    17.34        0.41       17.34(41) 
10d5/2    9f5/2                    19.80        0.39       19.80(39) 
10d5/2    9f7/2                     88.6         1.7        88.6(1.7)
10d5/2   10f5/2                    57.15        0.44       57.15(44) 
10d5/2   10f7/2                    255.6         2.0       255.6(2.0)
10d5/2   11f5/2                     5.06        0.87        5.06(87) 
10d5/2   11f7/2                     22.6         3.9        22.6(3.9)
12s1/2    4p1/2       479        0.12098     0.00064     0.12098(64) 
12s1/2    4p3/2       480        0.17089     0.00091     0.17089(91) 
12s1/2    5p1/2      1091         0.2708      0.0015      0.2708(15) 
12s1/2    5p3/2      1093         0.3815      0.0021      0.3815(21) 
12s1/2    6p1/2      2052         0.5204      0.0029      0.5204(29) 
12s1/2    6p3/2      2056         0.7323      0.0041      0.7323(41) 
12s1/2    7p1/2      3569         0.9556      0.0053      0.9556(53) 
12s1/2    7p3/2      3575         1.3438      0.0076      1.3438(76) 
12s1/2    8p1/2      6083         1.7944      0.0098      1.7944(98) 
12s1/2    8p3/2      6092          2.523       0.014       2.523(14) 
12s1/2    9p1/2                    3.729       0.019       3.729(19) 
12s1/2    9p3/2                    5.244       0.028       5.244(28) 
12s1/2   10p1/2                   10.117       0.045      10.117(45) 
12s1/2   10p3/2                   14.249       0.065      14.249(65) 
12s1/2   11p1/2                    74.25        0.14       74.25(14) 
12s1/2   11p3/2                   105.52        0.21      105.52(21) 
12s1/2   12p1/2                    98.70        0.19       98.70(19) 
12s1/2   12p3/2                   139.17        0.27      139.17(27) 
12p1/2    3d3/2       804         0.1200      0.0061      0.1200(61) 
12p1/2    4d3/2      1521          0.327       0.013       0.327(13) 
12p1/2    5d3/2      2641          0.694       0.029       0.694(29) 
12p1/2    6d3/2      4394          1.344       0.058       1.344(58) 
12p1/2    7d3/2      7279           2.60        0.11        2.60(11) 
12p1/2    8d3/2                     5.49        0.23        5.49(23) 
12p1/2    9d3/2                    14.88        0.55       14.88(55) 
12p1/2   10d3/2                    106.2         3.1       106.2(3.1)
12p1/2   11d3/2                    159.6         1.3       159.6(1.3)
12p3/2    3d3/2       804         0.0540      0.0027      0.0540(27) 
12p3/2    3d5/2       804         0.1621      0.0079      0.1621(79) 
12p3/2    4d3/2      1521         0.1470      0.0057      0.1470(57) 
12p3/2    4d5/2      1521          0.441       0.017       0.441(17) 
12p3/2    5d3/2      2641          0.312       0.013       0.312(13) 
12p3/2    5d5/2      2640          0.936       0.039       0.936(39) 
12p3/2    6d3/2      4392          0.604       0.025       0.604(25) 
12p3/2    6d5/2      4392          1.814       0.076       1.814(76) 
12p3/2    7d3/2      7276          1.170       0.049       1.170(49) 
12p3/2    7d5/2      7275           3.51        0.15        3.51(15) 
12p3/2    8d3/2                     2.47        0.10        2.47(10) 
12p3/2    8d5/2                     7.41        0.30        7.41(30) 
12p3/2    9d3/2                     6.68        0.24        6.68(24) 
12p3/2    9d5/2                    20.04        0.72       20.04(72) 
12p3/2   10d3/2                     47.3         1.4        47.3(1.4)
12p3/2   10d5/2                    141.8         4.2       141.8(4.2)
12p3/2   11d3/2                    71.61        0.56       71.61(56) 
12p3/2   11d5/2                    214.8         1.7       214.8(1.7)
11d3/2    4f5/2      1687         0.3174      0.0085      0.3174(85) 
11d3/2    5f5/2      2898          0.804       0.020       0.804(20) 
11d3/2    6f5/2      4753          1.690       0.040       1.690(40) 
11d3/2    7f5/2      7739          3.419       0.078       3.419(78) 
11d3/2    8f5/2                     7.31        0.17        7.31(17) 
11d3/2    9f5/2                    18.99        0.43       18.99(43) 
11d3/2   10f5/2                     94.4         1.8        94.4(1.8)
11d3/2   11f5/2                    259.8         2.0       259.8(2.0)
11d5/2    4f5/2      1687         0.0849      0.0023      0.0849(23) 
11d5/2    4f7/2      1687          0.379       0.010       0.379(10) 
11d5/2    5f5/2      2898         0.2150      0.0054      0.2150(54) 
11d5/2    5f7/2      2898          0.962       0.024       0.962(24) 
11d5/2    6f5/2      4753          0.452       0.011       0.452(11) 
11d5/2    6f7/2      4753          2.020       0.048       2.020(48) 
11d5/2    7f5/2      7739          0.914       0.021       0.914(21) 
11d5/2    7f7/2      7739          4.088       0.093       4.088(93) 
11d5/2    8f5/2                    1.955       0.044       1.955(44) 
11d5/2    8f7/2                     8.74        0.20        8.74(20) 
11d5/2    9f5/2                     5.08        0.12        5.08(12) 
11d5/2    9f7/2                    22.70        0.52       22.70(52) 
11d5/2   10f5/2                    25.25        0.48       25.25(48) 
11d5/2   10f7/2                    112.9         2.1       112.9(2.1)
11d5/2   11f5/2                    69.42        0.54       69.42(54) 
11d5/2   11f7/2                    310.5         2.4       310.5(2.4)
