 State    Total rate        Lifetime   Ref.      Total rate     Unc      Lifetime     Unc  Unc %
 5s1/2  2.3749(66)E+07      42.11(16)            2.3749E+07   8.9E+04       42.11     0.16  0.37
 6s1/2  1.2307(47)E+07      81.26(42)            1.2307E+07   6.4E+04       81.26     0.42  0.52
 7s1/2  6.714(28)E+06      148.94(83)            6.7140E+06   3.7E+04      148.94     0.83  0.56
 8s1/2  3.984(17)E+06       251.0(14)            3.9842E+06   2.2E+04       251.0      1.4  0.56
 9s1/2  2.536(11)E+06       394.3(22)            2.5361E+06   1.4E+04       394.3      2.2  0.56
10s1/2  1.7067(71)E+06      585.9(33)            1.7067E+06   9.5E+03       585.9      3.3  0.56
11s1/2  1.2005(50)E+06      833.0(46)            1.2005E+06   6.7E+03       833.0      4.6  0.56
12s1/2  8.753(36)E+05      1142.5(64)            8.7525E+05   4.9E+03      1142.5      6.4  0.56
 4p1/2  3.7396(36)E+07        26.74(3) E70       3.7396E+07   3.6E+04      26.740    0.030  0.10
 5p1/2  7.34(12)E+06        136.3(23)            7.3368E+06   1.2E+05       136.3      2.3  1.67
 6p1/2  2.930(70)E+06       341.3(82)            2.9302E+06   7.0E+04       341.3      8.2  2.40
 7p1/2  1.530(40)E+06          653(17)           1.5305E+06   4.0E+04        653       17   2.62
 8p1/2  9.14(25)E+05          1094(29)           9.1432E+05   2.5E+04       1094       29   2.70
 9p1/2  5.92(16)E+05          1688(45)           5.9239E+05   1.6E+04       1688       45   2.64
10p1/2  4.10(11)E+05          2437(63)           4.1035E+05   1.1E+04       2437       63   2.59
11p1/2  2.938(75)E+05         3403(87)           2.9383E+05   7.5E+03       3403       87   2.55
12p1/2  2.176(54)E+05        4600(120)           2.1760E+05   5.4E+03       4596      115   2.50
 4p3/2  3.7899(39)E+07        26.39(3) E70       3.7899E+07   3.9E+04      26.390    0.030  0.10
 5p3/2  7.51(12)E+06        133.2(22)            7.5095E+06   1.2E+05       133.2      2.2  1.66
 6p3/2  3.006(66)E+06       332.7(79)            3.0056E+06   7.1E+04       332.7      7.9  2.37
 7p3/2  1.570(37)E+06          637(16)           1.5700E+06   4.0E+04        637       16   2.55
 8p3/2  9.38(22)E+05          1066(28)           9.3765E+05   2.5E+04       1066       28   2.62
 9p3/2  6.07(14)E+05          1646(42)           6.0738E+05   1.6E+04       1646       42   2.56
10p3/2  4.204(96)E+05         2378(60)           4.2045E+05   1.1E+04       2378       60   2.51
11p3/2  3.010(67)E+05         3322(82)           3.0102E+05   7.4E+03       3322       82   2.46
12p3/2  2.229(49)E+05        4490(110)           2.2289E+05   5.4E+03       4486      109   2.42
 3d3/2  2.3961(39)E+07     41.734(79)            2.3961E+07   4.5E+04      41.734    0.079  0.19
 4d3/2  3.461(38)E+06       288.9(36)            3.4612E+06   4.3E+04       288.9      3.6  1.24
 5d3/2  1.52(11)E+06           657(58)           1.5210E+06   1.3E+05        657       58   8.86
 6d3/2  1.06(10)E+06          940(110)           1.0597E+06   1.2E+05        944      108  11.45
 7d3/2  7.88(77)E+05         1270(150)           7.8809E+05   9.0E+04       1269      145  11.44
 8d3/2  5.93(55)E+05         1690(180)           5.9305E+05   6.5E+04       1686      185  10.97
 9d3/2  4.51(40)E+05         2220(230)           4.5132E+05   4.7E+04       2216      233  10.49
10d3/2  3.48(30)E+05         2870(290)           3.4821E+05   3.5E+04       2872      290  10.10
11d3/2  2.73(23)E+05         3670(360)           2.7263E+05   2.7E+04       3668      358   9.77
 3d5/2  2.3652(41)E+07     42.280(73)            2.3652E+07   4.1E+04      42.280    0.073  0.17
 4d5/2  3.409(34)E+06       293.4(30)            3.4086E+06   3.4E+04       293.4      3.0  1.01
 5d5/2  1.53(14)E+06           655(59)           1.5257E+06   1.4E+05        655       59   9.07
 6d5/2  1.07(12)E+06          930(110)           1.0728E+06   1.2E+05        932      107  11.49
 7d5/2  8.00(91)E+05         1250(140)           8.0010E+05   9.1E+04       1250      142  11.39
 8d5/2  6.03(66)E+05         1660(180)           6.0265E+05   6.6E+04       1659      181  10.88
 9d5/2  4.59(48)E+05         2180(230)           4.5877E+05   4.8E+04       2180      227  10.40
10d5/2  3.54(35)E+05         2820(280)           3.5399E+05   3.5E+04       2825      282   9.99
11d5/2  2.77(27)E+05         3610(350)           2.7716E+05   2.7E+04       3608      349   9.67
