 3s1/2    3p1/2       590         3.5298      0.0018      3.5298(18) 
 3s1/2    3p3/2       589         4.9915      0.0025      4.9915(25) 
 3s1/2    4p1/2       330         0.3053      0.0031      0.3053(31) 
 3s1/2    4p3/2       330         0.4353      0.0044      0.4353(44) 
 3s1/2    5p1/2       285        0.10735     0.00022     0.10735(22) 
 3s1/2    5p3/2       285        0.15385     0.00031     0.15385(31) 
 3s1/2    6p1/2       268        0.05647     0.00013     0.05647(13) 
 3s1/2    6p3/2       268        0.08124     0.00017     0.08124(17) 
 3s1/2    7p1/2       259        0.03592     0.00013     0.03592(13) 
 3s1/2    7p3/2       259        0.05181     0.00015     0.05181(15) 
 3s1/2    8p1/2       254       0.025445    0.000099    0.025445(99) 
 3s1/2    8p3/2       254        0.03678     0.00014     0.03678(14) 
 3s1/2    9p1/2       251       0.019296    0.000072    0.019296(72) 
 3s1/2    9p3/2       251        0.02793     0.00010     0.02793(10) 
 3s1/2   10p1/2       249       0.015326    0.000073    0.015326(73) 
 3s1/2   10p3/2       249        0.02221     0.00010     0.02221(10) 
 3s1/2   11p1/2       248       0.012584    0.000063    0.012584(63) 
 3s1/2   11p3/2       248       0.018248    0.000092    0.018248(92) 
 3p1/2    3d3/2       819         6.7911      0.0034      6.7911(34) 
 3p1/2    4d3/2       568         1.9170      0.0064      1.9170(64) 
 3p1/2    5d3/2       498        0.99793     0.00071     0.99793(71) 
 3p1/2    6d3/2       467        0.64647     0.00053     0.64647(53) 
 3p1/2    7d3/2       450        0.46718     0.00050     0.46718(50) 
 3p1/2    8d3/2       439        0.36032     0.00042     0.36032(42) 
 3p1/2    9d3/2       432        0.28996     0.00051     0.28996(51) 
 3p1/2   10d3/2       427        0.24078     0.00019     0.24078(19) 
 3p1/2   11d3/2       424        0.20411     0.00058     0.20411(58) 
 3p3/2    3d3/2       820         3.0406      0.0015      3.0406(15) 
 3p3/2    3d5/2       820         9.1219      0.0046      9.1219(46) 
 3p3/2    4d3/2       569         0.8568      0.0029      0.8568(29) 
 3p3/2    4d5/2       569         2.5705      0.0086      2.5705(86) 
 3p3/2    5d3/2       498        0.44577     0.00032     0.44577(32) 
 3p3/2    5d5/2       498        1.33729     0.00096     1.33729(96) 
 3p3/2    6d3/2       467        0.28868     0.00024     0.28868(24) 
 3p3/2    6d5/2       467        0.86603     0.00072     0.86603(72) 
 3p3/2    7d3/2       450        0.20858     0.00023     0.20858(23) 
 3p3/2    7d5/2       450        0.62575     0.00063     0.62575(63) 
 3p3/2    8d3/2       439        0.16085     0.00019     0.16085(19) 
 3p3/2    8d5/2       439        0.48256     0.00053     0.48256(53) 
 3p3/2    9d3/2       433        0.12943     0.00023     0.12943(23) 
 3p3/2    9d5/2       433        0.38829     0.00066     0.38829(66) 
 3p3/2   10d3/2       428       0.107470    0.000088    0.107470(88) 
 3p3/2   10d5/2       428        0.32240     0.00026     0.32240(26) 
 3p3/2   11d3/2       424        0.09110     0.00026     0.09110(26) 
 3p3/2   11d5/2       424        0.27329     0.00077     0.27329(77) 
 3d3/2    4f5/2      1847        15.6098      0.0078     15.6098(78) 
 3d3/2    5f5/2      1268         5.1435      0.0026      5.1435(26) 
 3d3/2    6f5/2      1084         2.8039      0.0014      2.8039(14) 
 3d3/2    7f5/2       996        1.85750     0.00093     1.85750(93) 
 3d3/2    8f5/2       947        1.36154     0.00068     1.36154(68) 
 3d3/2    9f5/2       916        1.06073     0.00053     1.06073(53) 
 3d3/2   10f5/2       895        0.86126     0.00043     0.86126(43) 
 3d3/2   11f5/2       880        0.71951     0.00036     0.71951(36) 
 3d5/2    4f5/2      1847         4.1718      0.0021      4.1718(21) 
 3d5/2    4f7/2      1847        18.6571      0.0093     18.6571(93) 
 3d5/2    5f5/2      1268        1.37467     0.00069     1.37467(69) 
 3d5/2    5f7/2      1268         6.1477      0.0031      6.1477(31) 
 3d5/2    6f5/2      1084        0.74939     0.00037     0.74939(37) 
 3d5/2    6f7/2      1084         3.3514      0.0017      3.3514(17) 
 3d5/2    7f5/2       996        0.49644     0.00025     0.49644(25) 
 3d5/2    7f7/2       996         2.2202      0.0011      2.2202(11) 
 3d5/2    8f5/2       947        0.36389     0.00018     0.36389(18) 
 3d5/2    8f7/2       947        1.62737     0.00081     1.62737(81) 
 3d5/2    9f5/2       916        0.28349     0.00014     0.28349(14) 
 3d5/2    9f7/2       916        1.26783     0.00063     1.26783(63) 
 3d5/2   10f5/2       895        0.23018     0.00012     0.23018(12) 
 3d5/2   10f7/2       895        1.02941     0.00051     1.02941(51) 
 3d5/2   11f5/2       880       0.192300    0.000096    0.192300(96) 
 3d5/2   11f7/2       880        0.86000     0.00043     0.86000(43) 
 4s1/2    3p1/2      1138         3.5762      0.0018      3.5762(18) 
 4s1/2    3p3/2      1141         5.0670      0.0025      5.0670(25) 
 4s1/2    4p1/2      2209         8.3730      0.0042      8.3730(42) 
 4s1/2    4p3/2      2206        11.8360      0.0059     11.8360(59) 
 4s1/2    5p1/2      1075        0.94407     0.00086     0.94407(86) 
 4s1/2    5p3/2      1075         1.3417      0.0012      1.3417(12) 
 4s1/2    6p1/2       865        0.37749     0.00049     0.37749(49) 
 4s1/2    6p3/2       865        0.53772     0.00066     0.53772(66) 
 4s1/2    7p1/2       781        0.21501     0.00039     0.21501(39) 
 4s1/2    7p3/2       781        0.30667     0.00050     0.30667(50) 
 4s1/2    8p1/2       738        0.14413     0.00029     0.14413(29) 
 4s1/2    8p3/2       738        0.20581     0.00041     0.20581(41) 
 4s1/2    9p1/2       712        0.10592     0.00021     0.10592(21) 
 4s1/2    9p3/2       712        0.15134     0.00030     0.15134(30) 
 4s1/2   10p1/2       695        0.08253     0.00019     0.08253(19) 
 4s1/2   10p3/2       695        0.11797     0.00027     0.11797(27) 
 4s1/2   11p1/2       683        0.06690     0.00016     0.06690(16) 
 4s1/2   11p3/2       683        0.09568     0.00024     0.09568(24) 
 4p1/2    3d3/2      9140        10.8667      0.0054     10.8667(54) 
 4p1/2    4d3/2      2335        12.0824      0.0060     12.0824(60) 
 4p1/2    5d3/2      1477         3.7194      0.0019      3.7194(19) 
 4p1/2    6d3/2      1231        1.99742     0.00100     1.99742(00) 
 4p1/2    7d3/2      1119        1.31497     0.00066     1.31497(66) 
 4p1/2    8d3/2      1057        0.96056     0.00048     0.96056(48) 
 4p1/2    9d3/2      1018        0.74668     0.00047     0.74668(47) 
 4p1/2   10d3/2       992        0.60528     0.00030     0.60528(30) 
 4p1/2   11d3/2       973        0.50476     0.00054     0.50476(54) 
 4p3/2    3d3/2      9093         4.8576      0.0024      4.8576(24) 
 4p3/2    3d5/2      9093        14.5726      0.0073     14.5726(73) 
 4p3/2    4d3/2      2339         5.4118      0.0027      5.4118(27) 
 4p3/2    4d5/2      2339        16.2356      0.0081     16.2356(81) 
 4p3/2    5d3/2      1478        1.66336     0.00083     1.66336(83) 
 4p3/2    5d5/2      1478         4.9901      0.0025      4.9901(25) 
 4p3/2    6d3/2      1232        0.89279     0.00045     0.89279(45) 
 4p3/2    6d5/2      1232         2.6783      0.0013      2.6783(13) 
 4p3/2    7d3/2      1120        0.58758     0.00029     0.58758(29) 
 4p3/2    7d5/2      1120        1.76276     0.00088     1.76276(88) 
 4p3/2    8d3/2      1058        0.42914     0.00021     0.42914(21) 
 4p3/2    8d5/2      1058        1.28744     0.00064     1.28744(64) 
 4p3/2    9d3/2      1019        0.33355     0.00021     0.33355(21) 
 4p3/2    9d5/2      1019        1.00066     0.00060     1.00066(60) 
 4p3/2   10d3/2       992        0.27037     0.00014     0.27037(14) 
 4p3/2   10d5/2       992        0.81108     0.00041     0.81108(41) 
 4p3/2   11d3/2       974        0.22545     0.00024     0.22545(24) 
 4p3/2   11d5/2       974        0.67634     0.00073     0.67634(73) 
 4d3/2    4f5/2                   24.679       0.012      24.679(12) 
 4d3/2    5f5/2      3986         21.257       0.011      21.257(11) 
 4d3/2    6f5/2      2597         7.9624      0.0040      7.9624(40) 
 4d3/2    7f5/2      2146         4.5356      0.0023      4.5356(23) 
 4d3/2    8f5/2      1928         3.0699      0.0015      3.0699(15) 
 4d3/2    9f5/2      1803         2.2791      0.0011      2.2791(11) 
 4d3/2   10f5/2      1723        1.79198     0.00090     1.79198(90) 
 4d3/2   11f5/2      1668        1.46415     0.00073     1.46415(73) 
 4d5/2    4f5/2                   6.5957      0.0033      6.5957(33) 
 4d5/2    4f7/2                   29.497       0.015      29.497(15) 
 4d5/2    5f5/2      3986         5.6810      0.0028      5.6810(28) 
 4d5/2    5f7/2      3986         25.406       0.013      25.406(13) 
 4d5/2    6f5/2      2597         2.1280      0.0011      2.1280(11) 
 4d5/2    6f7/2      2597         9.5168      0.0048      9.5168(48) 
 4d5/2    7f5/2      2146        1.21219     0.00061     1.21219(61) 
 4d5/2    7f7/2      2146         5.4211      0.0027      5.4211(27) 
 4d5/2    8f5/2      1928        0.82045     0.00041     0.82045(41) 
 4d5/2    8f7/2      1928         3.6692      0.0018      3.6692(18) 
 4d5/2    9f5/2      1803        0.60911     0.00030     0.60911(30) 
 4d5/2    9f7/2      1803         2.7240      0.0014      2.7240(14) 
 4d5/2   10f5/2      1723        0.47893     0.00024     0.47893(24) 
 4d5/2   10f7/2      1723         2.1418      0.0011      2.1418(11) 
 4d5/2   11f5/2      1668        0.39131     0.00020     0.39131(20) 
 4d5/2   11f7/2      1668        1.75001     0.00088     1.75001(88) 
 5s1/2    3p1/2       616        0.75737     0.00038     0.75737(38) 
 5s1/2    3p3/2       616        1.07110     0.00054     1.07110(54) 
 5s1/2    4p1/2      3409         8.3875      0.0042      8.3875(42) 
 5s1/2    4p3/2      3415        11.8807      0.0059     11.8807(59) 
 5s1/2    5p1/2      5436        14.9916      0.0075     14.9916(75) 
 5s1/2    5p3/2      5428         21.189       0.011      21.189(11) 
 5s1/2    6p1/2      2442         1.8157      0.0011      1.8157(11) 
 5s1/2    6p3/2      2441         2.5782      0.0015      2.5782(15) 
 5s1/2    7p1/2      1873        0.74741     0.00076     0.74741(76) 
 5s1/2    7p3/2      1873        1.06302     0.00096     1.06302(96) 
 5s1/2    8p1/2      1640        0.43220     0.00051     0.43220(51) 
 5s1/2    8p3/2      1640        0.61542     0.00074     0.61542(74) 
 5s1/2    9p1/2      1517        0.29252     0.00035     0.29252(35) 
 5s1/2    9p3/2      1516        0.41680     0.00051     0.41680(51) 
 5s1/2   10p1/2      1442        0.21650     0.00032     0.21650(32) 
 5s1/2   10p3/2      1442        0.30862     0.00045     0.30862(45) 
 5s1/2   11p1/2      1392        0.16955     0.00027     0.16955(27) 
 5s1/2   11p3/2      1392        0.24179     0.00039     0.24179(39) 
 5p1/2    3d3/2      1704         0.1761      0.0017      0.1761(17) 
 5p1/2    4d3/2                   22.618       0.011      22.618(11) 
 5p1/2    5d3/2      5009        18.6563      0.0093     18.6563(93) 
 5p1/2    6d3/2      2988         5.8317      0.0029      5.8317(29) 
 5p1/2    7d3/2      2404         3.1523      0.0016      3.1523(16) 
 5p1/2    8d3/2      2133         2.0832      0.0010      2.0832(10) 
 5p1/2    9d3/2      1980        1.52599     0.00076     1.52599(76) 
 5p1/2   10d3/2      1884        1.18988     0.00059     1.18988(59) 
 5p1/2   11d3/2      1818        0.96625     0.00068     0.96625(68) 
 5p3/2    3d3/2      1704        0.07604     0.00077     0.07604(77) 
 5p3/2    3d5/2      1704         0.2280      0.0023      0.2280(23) 
 5p3/2    4d3/2                  10.1109      0.0051     10.1109(51) 
 5p3/2    4d5/2                   30.332       0.015      30.332(15) 
 5p3/2    5d3/2      5015         8.3578      0.0042      8.3578(42) 
 5p3/2    5d5/2      5015         25.074       0.013      25.074(13) 
 5p3/2    6d3/2      2990         2.6087      0.0013      2.6087(13) 
 5p3/2    6d5/2      2990         7.8262      0.0039      7.8262(39) 
 5p3/2    7d3/2      2405        1.40942     0.00070     1.40942(70) 
 5p3/2    7d5/2      2405         4.2283      0.0021      4.2283(21) 
 5p3/2    8d3/2      2134        0.93115     0.00047     0.93115(47) 
 5p3/2    8d5/2      2134         2.7935      0.0014      2.7935(14) 
 5p3/2    9d3/2      1981        0.68198     0.00034     0.68198(34) 
 5p3/2    9d5/2      1981         2.0459      0.0010      2.0459(10) 
 5p3/2   10d3/2      1885        0.53171     0.00027     0.53171(27) 
 5p3/2   10d5/2      1885        1.59510     0.00080     1.59510(80) 
 5p3/2   11d3/2      1819        0.43174     0.00031     0.43174(31) 
 5p3/2   11d5/2      1819        1.29520     0.00092     1.29520(92) 
 5d3/2    4f5/2      4082         2.7953      0.0030      2.7953(30) 
 5d3/2    5f5/2                   46.611       0.023      46.611(23) 
 5d3/2    6f5/2      7337         27.905       0.014      27.905(14) 
 5d3/2    7f5/2      4604        10.8344      0.0054     10.8344(54) 
 5d3/2    8f5/2      3707         6.2689      0.0031      6.2689(31) 
 5d3/2    9f5/2      3271         4.2793      0.0021      4.2793(21) 
 5d3/2   10f5/2      3017         3.1951      0.0016      3.1951(16) 
 5d3/2   11f5/2      2853         2.5225      0.0013      2.5225(13) 
 5d5/2    4f5/2      4082        0.74713     0.00079     0.74713(79) 
 5d5/2    4f7/2      4082         3.3413      0.0035      3.3413(35) 
 5d5/2    5f5/2                  12.4573      0.0062     12.4573(62) 
 5d5/2    5f7/2                   55.711       0.028      55.711(28) 
 5d5/2    6f5/2      7337         7.4576      0.0037      7.4576(37) 
 5d5/2    6f7/2      7337         33.352       0.017      33.352(17) 
 5d5/2    7f5/2      4604         2.8956      0.0014      2.8956(14) 
 5d5/2    7f7/2      4604        12.9494      0.0065     12.9494(65) 
 5d5/2    8f5/2      3707        1.67542     0.00084     1.67542(84) 
 5d5/2    8f7/2      3707         7.4927      0.0037      7.4927(37) 
 5d5/2    9f5/2      3271        1.14370     0.00057     1.14370(57) 
 5d5/2    9f7/2      3271         5.1148      0.0026      5.1148(26) 
 5d5/2   10f5/2      3017        0.85391     0.00043     0.85391(43) 
 5d5/2   10f7/2      3017         3.8188      0.0019      3.8188(19) 
 5d5/2   11f5/2      2853        0.67416     0.00034     0.67416(34) 
 5d5/2   11f7/2      2853         3.0149      0.0015      3.0149(15) 
 6s1/2    3p1/2       515        0.39117     0.00020     0.39117(20) 
 6s1/2    3p3/2       515        0.55303     0.00028     0.55303(28) 
 6s1/2    4p1/2      1638        1.58865     0.00079     1.58865(79) 
 6s1/2    4p3/2      1639         2.2453      0.0011      2.2453(11) 
 6s1/2    5p1/2      7506        14.9679      0.0075     14.9679(75) 
 6s1/2    5p3/2      7520         21.199       0.011      21.199(11) 
 6s1/2    6p1/2                   23.423       0.012      23.423(12) 
 6s1/2    6p3/2                   33.103       0.017      33.103(17) 
 6s1/2    7p1/2      4613         2.9212      0.0020      2.9212(20) 
 6s1/2    7p3/2      4612         4.1459      0.0025      4.1459(25) 
 6s1/2    8p1/2      3418         1.2140      0.0011      1.2140(11) 
 6s1/2    8p3/2      3417         1.7257      0.0016      1.7257(16) 
 6s1/2    9p1/2      2922        0.70501     0.00069     0.70501(69) 
 6s1/2    9p3/2      2922         1.0030      0.0010      1.0030(10) 
 6s1/2   10p1/2      2657        0.47838     0.00058     0.47838(58) 
 6s1/2   10p3/2      2656        0.68094     0.00082     0.68094(82) 
 6s1/2   11p1/2      2494        0.35459     0.00047     0.35459(47) 
 6s1/2   11p3/2      2493        0.50495     0.00068     0.50495(68) 
 6p1/2    3d3/2      1231        0.06340     0.00069     0.06340(69) 
 6p1/2    4d3/2      3640         0.5860      0.0036      0.5860(36) 
 6p1/2    5d3/2                   37.594       0.019      37.594(19) 
 6p1/2    6d3/2      9166         26.535       0.013      26.535(13) 
 6p1/2    7d3/2      5250         8.2902      0.0041      8.2902(41) 
 6p1/2    8d3/2      4111         4.4768      0.0022      4.4768(22) 
 6p1/2    9d3/2      3579         2.9561      0.0015      2.9561(15) 
 6p1/2   10d3/2      3276         2.1655      0.0011      2.1655(11) 
 6p1/2   11d3/2      3083        1.68806     0.00084     1.68806(84) 
 6p3/2    3d3/2      1231        0.02725     0.00030     0.02725(30) 
 6p3/2    3d5/2      1231        0.08172     0.00090     0.08172(90) 
 6p3/2    4d3/2      3638         0.2562      0.0016      0.2562(16) 
 6p3/2    4d5/2      3638         0.7684      0.0047      0.7684(47) 
 6p3/2    5d3/2                  16.8060      0.0084     16.8060(84) 
 6p3/2    5d5/2                   50.418       0.025      50.418(25) 
 6p3/2    6d3/2      9177        11.8884      0.0059     11.8884(59) 
 6p3/2    6d5/2      9177         35.666       0.018      35.666(18) 
 6p3/2    7d3/2      5254         3.7091      0.0019      3.7091(19) 
 6p3/2    7d5/2      5254        11.1272      0.0056     11.1272(56) 
 6p3/2    8d3/2      4113         2.0020      0.0010      2.0020(10) 
 6p3/2    8d5/2      4113         6.0059      0.0030      6.0059(30) 
 6p3/2    9d3/2      3581        1.32159     0.00066     1.32159(66) 
 6p3/2    9d5/2      3581         3.9648      0.0020      3.9648(20) 
 6p3/2   10d3/2      3277        0.96796     0.00048     0.96796(48) 
 6p3/2   10d5/2      3277         2.9039      0.0015      2.9039(15) 
 6p3/2   11d3/2      3084        0.75448     0.00038     0.75448(38) 
 6p3/2   11d5/2      3084         2.2634      0.0011      2.2634(11) 
 6d3/2    4f5/2      2631        0.94572     0.00085     0.94572(85) 
 6d3/2    5f5/2      7521         6.1186      0.0049      6.1186(49) 
 6d3/2    6f5/2                   72.627       0.036      72.627(36) 
 6d3/2    7f5/2                   35.535       0.018      35.535(18) 
 6d3/2    8f5/2      7425        13.9385      0.0070     13.9385(70) 
 6d3/2    9f5/2      5858         8.1040      0.0041      8.1040(41) 
 6d3/2   10f5/2      5090         5.5472      0.0028      5.5472(28) 
 6d3/2   11f5/2      4640         4.1502      0.0021      4.1502(21) 
 6d5/2    4f5/2      2631        0.25277     0.00023     0.25277(23) 
 6d5/2    4f7/2      2631        1.13044     0.00100     1.13044(00) 
 6d5/2    5f5/2      7521         1.6354      0.0013      1.6354(13) 
 6d5/2    5f7/2      7521         7.3137      0.0057      7.3137(57) 
 6d5/2    6f5/2                  19.4104      0.0097     19.4104(97) 
 6d5/2    6f7/2                   86.806       0.043      86.806(43) 
 6d5/2    7f5/2                   9.4967      0.0047      9.4967(47) 
 6d5/2    7f7/2                   42.470       0.021      42.470(21) 
 6d5/2    8f5/2      7424         3.7251      0.0019      3.7251(19) 
 6d5/2    8f7/2      7424        16.6594      0.0083     16.6594(83) 
 6d5/2    9f5/2      5858         2.1659      0.0011      2.1659(11) 
 6d5/2    9f7/2      5858         9.6861      0.0048      9.6861(48) 
 6d5/2   10f5/2      5090        1.48254     0.00074     1.48254(74) 
 6d5/2   10f7/2      5090         6.6301      0.0033      6.6301(33) 
 6d5/2   11f5/2      4640        1.10919     0.00055     1.10919(55) 
 6d5/2   11f7/2      4640         4.9605      0.0025      4.9605(25) 
 7s1/2    3p1/2       475        0.25558     0.00013     0.25558(13) 
 7s1/2    3p3/2       475        0.36130     0.00018     0.36130(18) 
 7s1/2    4p1/2      1291        0.79204     0.00040     0.79204(40) 
 7s1/2    4p3/2      1292        1.11899     0.00056     1.11899(56) 
 7s1/2    5p1/2      3365         2.6597      0.0013      2.6597(13) 
 7s1/2    5p3/2      3368         3.7579      0.0019      3.7579(19) 
 7s1/2    6p1/2                   23.331       0.012      23.331(12) 
 7s1/2    6p3/2                   33.040       0.017      33.040(17) 
 7s1/2    7p1/2                   33.674       0.017      33.674(17) 
 7s1/2    7p3/2                   47.588       0.024      47.588(24) 
 7s1/2    8p1/2      7774         4.2590      0.0026      4.2590(26) 
 7s1/2    8p3/2      7771         6.0434      0.0038      6.0434(38) 
 7s1/2    9p1/2      5610         1.7757      0.0014      1.7757(14) 
 7s1/2    9p3/2      5609         2.5231      0.0020      2.5231(20) 
 7s1/2   10p1/2      4706         1.0319      0.0010      1.0319(10) 
 7s1/2   10p3/2      4706         1.4672      0.0015      1.4672(15) 
 7s1/2   11p1/2      4218        0.69996     0.00078     0.69996(78) 
 7s1/2   11p3/2      4218         0.9958      0.0011      0.9958(11) 
 7p1/2    3d3/2      1068        0.03202     0.00046     0.03202(46) 
 7p1/2    4d3/2      2505         0.2405      0.0016      0.2405(16) 
 7p1/2    5d3/2      6652         1.2520      0.0066      1.2520(66) 
 7p1/2    6d3/2                   55.893       0.028      55.893(28) 
 7p1/2    7d3/2                   35.729       0.019      35.729(19) 
 7p1/2    8d3/2      8414        11.1065      0.0056     11.1065(56) 
 7p1/2    9d3/2      6451         5.9761      0.0030      5.9761(30) 
 7p1/2   10d3/2      5529         3.9366      0.0020      3.9366(20) 
 7p1/2   11d3/2      5000         2.8782      0.0014      2.8782(14) 
 7p3/2    3d3/2      1067        0.01367     0.00019     0.01367(19) 
 7p3/2    3d5/2      1067        0.04100     0.00058     0.04100(58) 
 7p3/2    4d3/2      2505        0.10525     0.00068     0.10525(68) 
 7p3/2    4d5/2      2505         0.3157      0.0020      0.3157(20) 
 7p3/2    5d3/2      6648         0.5501      0.0028      0.5501(28) 
 7p3/2    5d5/2      6648         1.6497      0.0083      1.6497(83) 
 7p3/2    6d3/2                   24.986       0.012      24.986(12) 
 7p3/2    6d5/2                   74.959       0.037      74.959(37) 
 7p3/2    7d3/2                  16.0083      0.0081     16.0083(81) 
 7p3/2    7d5/2                   48.025       0.024      48.025(24) 
 7p3/2    8d3/2      8419         4.9696      0.0025      4.9696(25) 
 7p3/2    8d5/2      8419        14.9089      0.0075     14.9089(75) 
 7p3/2    9d3/2      6454         2.6728      0.0013      2.6728(13) 
 7p3/2    9d5/2      6454         8.0183      0.0040      8.0183(40) 
 7p3/2   10d3/2      5531        1.76018     0.00088     1.76018(88) 
 7p3/2   10d5/2      5531         5.2805      0.0026      5.2805(26) 
 7p3/2   11d3/2      5002        1.28676     0.00064     1.28676(64) 
 7p3/2   11d5/2      5002         3.8602      0.0019      3.8602(19) 
 7d3/2    4f5/2      2167        0.51321     0.00055     0.51321(55) 
 7d3/2    5f5/2      4666         2.0930      0.0018      2.0930(18) 
 7d3/2    6f5/2                   10.475       0.011      10.475(11) 
 7d3/2    7f5/2                  103.095       0.052     103.095(52) 
 7d3/2    8f5/2                   44.125       0.022      44.125(22) 
 7d3/2    9f5/2                  17.3279      0.0087     17.3279(87) 
 7d3/2   10f5/2      8689        10.0743      0.0050     10.0743(50) 
 7d3/2   11f5/2      7455         6.8971      0.0034      6.8971(34) 
 7d5/2    4f5/2      2167        0.13716     0.00014     0.13716(14) 
 7d5/2    4f7/2      2167        0.61340     0.00060     0.61340(60) 
 7d5/2    5f5/2      4666        0.55939     0.00045     0.55939(45) 
 7d5/2    5f7/2      4666         2.5017      0.0020      2.5017(20) 
 7d5/2    6f5/2                   2.7995      0.0027      2.7995(27) 
 7d5/2    6f7/2                   12.520       0.012      12.520(12) 
 7d5/2    7f5/2                   27.553       0.014      27.553(14) 
 7d5/2    7f7/2                  123.222       0.062     123.222(62) 
 7d5/2    8f5/2                  11.7930      0.0059     11.7930(59) 
 7d5/2    8f7/2                   52.740       0.026      52.740(26) 
 7d5/2    9f5/2                   4.6311      0.0023      4.6311(23) 
 7d5/2    9f7/2                   20.711       0.010      20.711(10) 
 7d5/2   10f5/2      8689         2.6925      0.0013      2.6925(13) 
 7d5/2   10f7/2      8689        12.0410      0.0060     12.0410(60) 
 7d5/2   11f5/2      7455        1.84333     0.00092     1.84333(92) 
 7d5/2   11f7/2      7455         8.2436      0.0041      8.2436(41) 
 8s1/2    3p1/2       454       0.186133    0.000093    0.186133(93) 
 8s1/2    3p3/2       455        0.26311     0.00013     0.26311(13) 
 8s1/2    4p1/2      1149        0.51035     0.00026     0.51035(26) 
 8s1/2    4p3/2      1150        0.72091     0.00036     0.72091(36) 
 8s1/2    5p1/2      2546        1.29194     0.00065     1.29194(65) 
 8s1/2    5p3/2      2547        1.82458     0.00091     1.82458(91) 
 8s1/2    6p1/2      5980         3.9718      0.0020      3.9718(20) 
 8s1/2    6p3/2      5985         5.6108      0.0028      5.6108(28) 
 8s1/2    7p1/2                   33.481       0.017      33.481(17) 
 8s1/2    7p3/2                   47.411       0.024      47.411(24) 
 8s1/2    8p1/2                   45.748       0.023      45.748(23) 
 8s1/2    8p3/2                   64.646       0.032      64.646(32) 
 8s1/2    9p1/2                   5.8286      0.0030      5.8286(30) 
 8s1/2    9p3/2                   8.2693      0.0044      8.2693(44) 
 8s1/2   10p1/2      8559         2.4318      0.0019      2.4318(19) 
 8s1/2   10p3/2      8558         3.4543      0.0027      3.4543(27) 
 8s1/2   11p1/2      7070         1.4116      0.0013      1.4116(13) 
 8s1/2   11p3/2      7069         2.0066      0.0019      2.0066(19) 
 8p1/2    3d3/2       988        0.01951     0.00032     0.01951(32) 
 8p1/2    4d3/2      2105        0.13450     0.00094     0.13450(94) 
 8p1/2    5d3/2      4422         0.5335      0.0026      0.5335(26) 
 8p1/2    6d3/2                   2.1818      0.0095      2.1818(95) 
 8p1/2    7d3/2                   77.536       0.039      77.536(39) 
 8p1/2    8d3/2                   46.232       0.027      46.232(27) 
 8p1/2    9d3/2                  14.2862      0.0071     14.2862(71) 
 8p1/2   10d3/2      9519         7.6531      0.0038      7.6531(38) 
 8p1/2   11d3/2      8053         5.0251      0.0025      5.0251(25) 
 8p3/2    3d3/2       988        0.00826     0.00014     0.00826(14) 
 8p3/2    3d5/2       988        0.02478     0.00043     0.02478(43) 
 8p3/2    4d3/2      2105        0.05875     0.00043     0.05875(43) 
 8p3/2    4d5/2      2105         0.1762      0.0013      0.1762(13) 
 8p3/2    5d3/2      4421         0.2346      0.0012      0.2346(12) 
 8p3/2    5d5/2      4421         0.7037      0.0035      0.7037(35) 
 8p3/2    6d3/2                   0.9605      0.0043      0.9605(43) 
 8p3/2    6d5/2                    2.881       0.013       2.881(13) 
 8p3/2    7d3/2                   34.662       0.017      34.662(17) 
 8p3/2    7d5/2                  103.986       0.052     103.986(52) 
 8p3/2    8d3/2                   20.717       0.012      20.717(12) 
 8p3/2    8d5/2                   62.150       0.034      62.150(34) 
 8p3/2    9d3/2                   6.3930      0.0032      6.3930(32) 
 8p3/2    9d5/2                  19.1789      0.0096     19.1789(96) 
 8p3/2   10d3/2      9523         3.4231      0.0017      3.4231(17) 
 8p3/2   10d5/2      9523        10.2694      0.0051     10.2694(51) 
 8p3/2   11d3/2      8056         2.2471      0.0011      2.2471(11) 
 8p3/2   11d5/2      8056         6.7412      0.0034      6.7412(34) 
 8d3/2    4f5/2      1945        0.33765     0.00037     0.33765(37) 
 8d3/2    5f5/2      3744        1.13700     0.00099     1.13700(99) 
 8d3/2    6f5/2      7525         3.6000      0.0033      3.6000(33) 
 8d3/2    7f5/2                   15.879       0.013      15.879(13) 
 8d3/2    8f5/2                  138.122       0.069     138.122(69) 
 8d3/2    9f5/2                   53.688       0.027      53.688(27) 
 8d3/2   10f5/2                   21.017       0.011      21.017(11) 
 8d3/2   11f5/2                  12.1995      0.0061     12.1995(61) 
 8d5/2    4f5/2      1945       0.090242    0.000091    0.090242(91) 
 8d5/2    4f7/2      1945        0.40357     0.00040     0.40357(40) 
 8d5/2    5f5/2      3744        0.30388     0.00024     0.30388(24) 
 8d5/2    5f7/2      3744         1.3590      0.0011      1.3590(11) 
 8d5/2    6f5/2      7525        0.96214     0.00081     0.96214(81) 
 8d5/2    6f7/2      7525         4.3028      0.0036      4.3028(36) 
 8d5/2    7f5/2                   4.2437      0.0032      4.2437(32) 
 8d5/2    7f7/2                   18.978       0.014      18.978(14) 
 8d5/2    8f5/2                   36.915       0.018      36.915(18) 
 8d5/2    8f7/2                  165.087       0.083     165.087(83) 
 8d5/2    9f5/2                  14.3486      0.0072     14.3486(72) 
 8d5/2    9f7/2                   64.169       0.032      64.169(32) 
 8d5/2   10f5/2                   5.6171      0.0028      5.6171(28) 
 8d5/2   10f7/2                   25.120       0.013      25.120(13) 
 8d5/2   11f5/2                   3.2605      0.0016      3.2605(16) 
 8d5/2   11f7/2                  14.5812      0.0073     14.5812(73) 
 9s1/2    3p1/2       442       0.144326    0.000072    0.144326(72) 
 9s1/2    3p3/2       442        0.20400     0.00010     0.20400(10) 
 9s1/2    4p1/2      1074        0.36976     0.00018     0.36976(18) 
 9s1/2    4p3/2      1075        0.52227     0.00026     0.52227(26) 
 9s1/2    5p1/2      2205        0.82176     0.00041     0.82176(41) 
 9s1/2    5p3/2      2207        1.16036     0.00058     1.16036(58) 
 9s1/2    6p1/2      4389        1.89060     0.00095     1.89060(95) 
 9s1/2    6p3/2      4391         2.6695      0.0013      2.6695(13) 
 9s1/2    7p1/2      9665         5.5247      0.0028      5.5247(28) 
 9s1/2    7p3/2      9672         7.8035      0.0039      7.8035(39) 
 9s1/2    8p1/2                   45.417       0.023      45.417(23) 
 9s1/2    8p3/2                   64.313       0.032      64.313(32) 
 9s1/2    9p1/2                   59.645       0.030      59.645(30) 
 9s1/2    9p3/2                   84.281       0.042      84.281(42) 
 9s1/2   10p1/2                   7.6307      0.0041      7.6307(41) 
 9s1/2   10p3/2                  10.8243      0.0057     10.8243(57) 
 9s1/2   11p1/2                   3.1815      0.0023      3.1815(23) 
 9s1/2   11p3/2                   4.5184      0.0034      4.5184(34) 
 9p1/2    3d3/2       941        0.01331     0.00023     0.01331(23) 
 9p1/2    4d3/2      1906        0.08846     0.00063     0.08846(63) 
 9p1/2    5d3/2      3626         0.3060      0.0014      0.3060(14) 
 9p1/2    6d3/2      7106         0.9435      0.0035      0.9435(35) 
 9p1/2    7d3/2                    3.376       0.015       3.376(15) 
 9p1/2    8d3/2                  102.536       0.051     102.536(51) 
 9p1/2    9d3/2                   58.062       0.046      58.062(46) 
 9p1/2   10d3/2                  17.8284      0.0089     17.8284(89) 
 9p1/2   11d3/2                   9.5102      0.0048      9.5102(48) 
 9p3/2    3d3/2       941        0.00560     0.00011     0.00560(11) 
 9p3/2    3d5/2       941        0.01681     0.00032     0.01681(32) 
 9p3/2    4d3/2      1906        0.03860     0.00029     0.03860(29) 
 9p3/2    4d5/2      1906        0.11576     0.00086     0.11576(86) 
 9p3/2    5d3/2      3626        0.13453     0.00066     0.13453(66) 
 9p3/2    5d5/2      3626         0.4035      0.0020      0.4035(20) 
 9p3/2    6d3/2      7105         0.4161      0.0016      0.4161(16) 
 9p3/2    6d5/2      7105         1.2479      0.0048      1.2479(48) 
 9p3/2    7d3/2                   1.4886      0.0067      1.4886(67) 
 9p3/2    7d5/2                    4.466       0.019       4.466(19) 
 9p3/2    8d3/2                   45.839       0.023      45.839(23) 
 9p3/2    8d5/2                  137.516       0.069     137.516(69) 
 9p3/2    9d3/2                   26.018       0.021      26.018(21) 
 9p3/2    9d5/2                   78.055       0.060      78.055(60) 
 9p3/2   10d3/2                   7.9786      0.0040      7.9786(40) 
 9p3/2   10d5/2                   23.936       0.012      23.936(12) 
 9p3/2   11d3/2                   4.2541      0.0021      4.2541(21) 
 9p3/2   11d5/2                  12.7623      0.0064     12.7623(64) 
 9d3/2    4f5/2      1817        0.24631     0.00042     0.24631(42) 
 9d3/2    5f5/2      3297         0.7477      0.0010      0.7477(10) 
 9d3/2    6f5/2      5915         1.9555      0.0027      1.9555(27) 
 9d3/2    7f5/2                   5.4719      0.0065      5.4719(65) 
 9d3/2    8f5/2                   22.353       0.028      22.353(28) 
 9d3/2    9f5/2                  177.747       0.089     177.747(89) 
 9d3/2   10f5/2                   64.142       0.074      64.142(74) 
 9d3/2   11f5/2                   25.025       0.016      25.025(16) 
 9d5/2    4f5/2      1817        0.06583     0.00011     0.06583(11) 
 9d5/2    4f7/2      1817        0.29440     0.00047     0.29440(47) 
 9d5/2    5f5/2      3297        0.19984     0.00027     0.19984(27) 
 9d5/2    5f7/2      3297         0.8937      0.0012      0.8937(12) 
 9d5/2    6f5/2      5915        0.52264     0.00068     0.52264(68) 
 9d5/2    6f7/2      5915         2.3373      0.0030      2.3373(30) 
 9d5/2    7f5/2                   1.4624      0.0016      1.4624(16) 
 9d5/2    7f7/2                   6.5402      0.0072      6.5402(72) 
 9d5/2    8f5/2                   5.9741      0.0071      5.9741(71) 
 9d5/2    8f7/2                   26.717       0.032      26.717(32) 
 9d5/2    9f5/2                   47.505       0.024      47.505(24) 
 9d5/2    9f7/2                   212.45        0.11      212.45(11) 
 9d5/2   10f5/2                   17.143       0.019      17.143(19) 
 9d5/2   10f7/2                   76.664       0.084      76.664(84) 
 9d5/2   11f5/2                   6.6882      0.0040      6.6882(40) 
 9d5/2   11f7/2                   29.910       0.018      29.910(18) 
10s1/2    3p1/2       434       0.116601    0.000058    0.116601(58) 
10s1/2    3p3/2       435       0.164811    0.000082    0.164811(82) 
10s1/2    4p1/2      1029        0.28640     0.00014     0.28640(14) 
10s1/2    4p3/2      1030        0.40452     0.00020     0.40452(20) 
10s1/2    5p1/2      2023        0.59146     0.00030     0.59146(30) 
10s1/2    5p3/2      2024        0.83509     0.00042     0.83509(42) 
10s1/2    6p1/2      3722        1.18894     0.00059     1.18894(59) 
10s1/2    6p3/2      3723        1.67845     0.00084     1.67845(84) 
10s1/2    7p1/2      6930         2.5876      0.0013      2.5876(13) 
10s1/2    7p3/2      6933         3.6531      0.0018      3.6531(18) 
10s1/2    8p1/2                   7.3187      0.0037      7.3187(37) 
10s1/2    8p3/2                  10.3362      0.0052     10.3362(52) 
10s1/2    9p1/2                   59.138       0.030      59.138(30) 
10s1/2    9p3/2                   83.740       0.042      83.740(42) 
10s1/2   10p1/2                   75.365       0.038      75.365(38) 
10s1/2   10p3/2                  106.492       0.053     106.492(53) 
10s1/2   11p1/2                   9.6634      0.0048      9.6634(48) 
10s1/2   11p3/2                  13.7068      0.0069     13.7068(69) 
10p1/2    3d3/2       912        0.00976     0.00020     0.00976(20) 
10p1/2    4d3/2      1790        0.06396     0.00051     0.06396(51) 
10p1/2    5d3/2      3226         0.2046      0.0011      0.2046(11) 
10p1/2    6d3/2      5716         0.5461      0.0022      0.5461(22) 
10p1/2    7d3/2                   1.4694      0.0060      1.4694(60) 
10p1/2    8d3/2                    4.837       0.021       4.837(21) 
10p1/2    9d3/2                  130.885       0.065     130.885(65) 
10p1/2   10d3/2                   71.170       0.036      71.170(36) 
10p1/2   11d3/2                   21.746       0.011      21.746(11) 
10p3/2    3d3/2       912       0.004091    0.000089    0.004091(89) 
10p3/2    3d5/2       912        0.01227     0.00027     0.01227(27) 
10p3/2    4d3/2      1789        0.02788     0.00023     0.02788(23) 
10p3/2    4d5/2      1789        0.08362     0.00068     0.08362(68) 
10p3/2    5d3/2      3226        0.08994     0.00048     0.08994(48) 
10p3/2    5d5/2      3226         0.2698      0.0014      0.2698(14) 
10p3/2    6d3/2      5715        0.24083     0.00098     0.24083(98) 
10p3/2    6d5/2      5715         0.7223      0.0029      0.7223(29) 
10p3/2    7d3/2                   0.6490      0.0027      0.6490(27) 
10p3/2    7d5/2                   1.9470      0.0076      1.9470(76) 
10p3/2    8d3/2                   2.1351      0.0095      2.1351(95) 
10p3/2    8d5/2                    6.405       0.027       6.405(27) 
10p3/2    9d3/2                   58.512       0.029      58.512(29) 
10p3/2    9d5/2                  175.537       0.088     175.537(88) 
10p3/2   10d3/2                   31.893       0.016      31.893(16) 
10p3/2   10d5/2                   95.683       0.048      95.683(48) 
10p3/2   11d3/2                   9.7324      0.0049      9.7324(49) 
10p3/2   11d5/2                   29.197       0.015      29.197(15) 
10d3/2    4f5/2      1736        0.19102     0.00012     0.19102(12) 
10d3/2    5f5/2      3038        0.54398     0.00027     0.54398(27) 
10d3/2    6f5/2      5130        1.28203     0.00064     1.28203(64) 
10d3/2    7f5/2      8772         2.9650      0.0015      2.9650(15) 
10d3/2    8f5/2                   7.6997      0.0038      7.6997(38) 
10d3/2    9f5/2                   29.843       0.015      29.843(15) 
10d3/2   10f5/2                   222.00        0.11      222.00(11) 
10d3/2   11f5/2                   75.653       0.038      75.653(38) 
10d5/2    4f5/2      1736       0.051056    0.000032    0.051056(32) 
10d5/2    4f7/2      1736        0.22833     0.00014     0.22833(14) 
10d5/2    5f5/2      3038       0.145394    0.000073    0.145394(73) 
10d5/2    5f7/2      3038        0.65022     0.00033     0.65022(33) 
10d5/2    6f5/2      5131        0.34266     0.00017     0.34266(17) 
10d5/2    6f7/2      5131        1.53241     0.00077     1.53241(77) 
10d5/2    7f5/2      8772        0.79247     0.00040     0.79247(40) 
10d5/2    7f7/2      8772         3.5440      0.0018      3.5440(18) 
10d5/2    8f5/2                   2.0580      0.0010      2.0580(10) 
10d5/2    8f7/2                   9.2035      0.0046      9.2035(46) 
10d5/2    9f5/2                   7.9764      0.0040      7.9764(40) 
10d5/2    9f7/2                   35.672       0.018      35.672(18) 
10d5/2   10f5/2                   59.332       0.030      59.332(30) 
10d5/2   10f7/2                   265.34        0.13      265.34(13) 
10d5/2   11f5/2                   20.218       0.010      20.218(10) 
10d5/2   11f7/2                   90.418       0.045      90.418(45) 
11s1/2    3p1/2       429       0.096976    0.000048    0.096976(48) 
11s1/2    3p3/2       429       0.137071    0.000069    0.137071(69) 
11s1/2    4p1/2      1000        0.23158     0.00012     0.23158(12) 
11s1/2    4p3/2      1000        0.32707     0.00016     0.32707(16) 
11s1/2    5p1/2      1912        0.45660     0.00023     0.45660(23) 
11s1/2    5p3/2      1913        0.64465     0.00032     0.64465(32) 
11s1/2    6p1/2      3361        0.84990     0.00042     0.84990(42) 
11s1/2    6p3/2      3363        1.19971     0.00060     1.19971(60) 
11s1/2    7p1/2      5776        1.61107     0.00081     1.61107(81) 
11s1/2    7p3/2      5779         2.2741      0.0011      2.2741(11) 
11s1/2    8p1/2                   3.3826      0.0017      3.3826(17) 
11s1/2    8p3/2                   4.7748      0.0024      4.7748(24) 
11s1/2    9p1/2                   9.3532      0.0047      9.3532(47) 
11s1/2    9p3/2                  13.2085      0.0066     13.2085(66) 
11s1/2   10p1/2                   74.653       0.037      74.653(37) 
11s1/2   10p3/2                  105.707       0.053     105.707(53) 
11s1/2   11p1/2                   92.905       0.046      92.905(46) 
11s1/2   11p3/2                  131.274       0.066     131.274(66) 
11p1/2    3d3/2       892        0.00755     0.00017     0.00755(17) 
11p1/2    4d3/2      1714        0.04920     0.00041     0.04920(41) 
11p1/2    5d3/2      2989        0.14988     0.00081     0.14988(81) 
11p1/2    6d3/2      5011         0.3676      0.0015      0.3676(15) 
11p1/2    7d3/2      8460         0.8542      0.0035      0.8542(35) 
11p1/2    8d3/2                   2.1130      0.0082      2.1130(82) 
11p1/2    9d3/2                    6.558       0.038       6.558(38) 
11p1/2   10d3/2                  162.621       0.081     162.621(81) 
11p1/2   11d3/2                    85.69        0.11       85.69(11) 
11p3/2    3d3/2       892       0.003151    0.000075    0.003151(75) 
11p3/2    3d5/2       892        0.00945     0.00023     0.00945(23) 
11p3/2    4d3/2      1714        0.02143     0.00019     0.02143(19) 
11p3/2    4d5/2      1714        0.06427     0.00056     0.06427(56) 
11p3/2    5d3/2      2988        0.06584     0.00037     0.06584(37) 
11p3/2    5d5/2      2988         0.1975      0.0011      0.1975(11) 
11p3/2    6d3/2      5010        0.16207     0.00069     0.16207(69) 
11p3/2    6d5/2      5010         0.4861      0.0021      0.4861(21) 
11p3/2    7d3/2      8459         0.3773      0.0016      0.3773(16) 
11p3/2    7d5/2      8459         1.1320      0.0045      1.1320(45) 
11p3/2    8d3/2                   0.9342      0.0037      0.9342(37) 
11p3/2    8d5/2                    2.803       0.011       2.803(11) 
11p3/2    9d3/2                    2.896       0.017       2.896(17) 
11p3/2    9d5/2                    8.689       0.050       8.689(50) 
11p3/2   10d3/2                   72.700       0.036      72.700(36) 
11p3/2   10d5/2                   218.10        0.11      218.10(11) 
11p3/2   11d3/2                   38.401       0.050      38.401(50) 
11p3/2   11d5/2                   115.21        0.15      115.21(15) 
11d3/2    4f5/2      1680        0.15500     0.00042     0.15500(42) 
11d3/2    5f5/2      2872        0.42277     0.00097     0.42277(97) 
11d3/2    6f5/2      4672         0.9337      0.0020      0.9337(20) 
11d3/2    7f5/2      7512         1.9450      0.0036      1.9450(36) 
11d3/2    8f5/2                   4.1764      0.0073      4.1764(73) 
11d3/2    9f5/2                   10.310       0.015      10.310(15) 
11d3/2   10f5/2                    38.53        0.10       38.53(10) 
11d3/2   11f5/2                   270.85        0.14      270.85(14) 
11d5/2    4f5/2      1680        0.04143     0.00011     0.04143(11) 
11d5/2    4f7/2      1680        0.18527     0.00049     0.18527(49) 
11d5/2    5f5/2      2872        0.11300     0.00026     0.11300(26) 
11d5/2    5f7/2      2872         0.5053      0.0011      0.5053(11) 
11d5/2    6f5/2      4672        0.24955     0.00054     0.24955(54) 
11d5/2    6f7/2      4672         1.1160      0.0024      1.1160(24) 
11d5/2    7f5/2      7513        0.51985     0.00097     0.51985(97) 
11d5/2    7f7/2      7513         2.3248      0.0043      2.3248(43) 
11d5/2    8f5/2                   1.1162      0.0019      1.1162(19) 
11d5/2    8f7/2                   4.9920      0.0086      4.9920(86) 
11d5/2    9f5/2                   2.7555      0.0040      2.7555(40) 
11d5/2    9f7/2                   12.323       0.018      12.323(18) 
11d5/2   10f5/2                   10.299       0.027      10.299(27) 
11d5/2   10f7/2                    46.06        0.12       46.06(12) 
11d5/2   11f5/2                   72.388       0.036      72.388(36) 
11d5/2   11f7/2                   323.73        0.16      323.73(16) 
