 State    Total rate        Lifetime   Ref.      Total rate     Unc      Lifetime     Unc  Unc %
 4s1/2  2.6305(20)E+07     38.015(38)            2.6305E+07   2.6E+04      38.015    0.038  0.10
 5s1/2  1.28466(69)E+07    77.841(56)            1.2847E+07   9.2E+03      77.841    0.056  0.07
 6s1/2  6.7451(31)E+06    148.257(91)            6.7451E+06   4.1E+03     148.257    0.091  0.06
 7s1/2  3.9006(16)E+06     256.37(15)            3.9006E+06   2.2E+03      256.37     0.15  0.06
 8s1/2  2.43794(98)E+06    410.18(22)            2.4379E+06   1.3E+03      410.18     0.22  0.05
 9s1/2  1.61863(64)E+06    617.81(33)            1.6186E+06   8.5E+02      617.81     0.33  0.05
10s1/2  1.12697(43)E+06    887.34(46)            1.1270E+06   5.8E+02      887.34     0.46  0.05
11s1/2  8.1489(31)E+05    1227.16(63)            8.1489E+05   4.2E+02     1227.16     0.63  0.05
 3p1/2  6.1354(80)E+07      16.299(21) E31       6.1354E+07   8.0E+04      16.299    0.021  0.13
 4p1/2  9.365(53)E+06      106.78(60)            9.3646E+06   5.3E+04      106.78     0.60  0.56
 5p1/2  2.7142(28)E+06     368.43(38)            2.7142E+06   2.8E+03      368.43     0.38  0.10
 6p1/2  1.0924(11)E+06     915.44(93)            1.0924E+06   1.1E+03      915.44     0.93  0.10
 7p1/2  5.3775(71)E+05     1859.6(25)            5.3775E+05   7.1E+02      1859.6      2.5  0.13
 8p1/2  3.0273(41)E+05     3303.3(44)            3.0273E+05   4.1E+02      3303.3      4.4  0.13
 9p1/2  1.8732(24)E+05     5338.5(68)            1.8732E+05   2.4E+02      5338.5      6.8  0.13
10p1/2  1.2426(19)E+05        8047(12)           1.2426E+05   1.9E+02       8047       12   0.15
11p1/2  8.685(14)E+04        11513(18)           8.6855E+04   1.4E+02      11513       18   0.16
 3p3/2  6.1522(84)E+07      16.254(22) E31       6.1522E+07   8.4E+04      16.254    0.022  0.14
 4p3/2  9.430(54)E+06      106.05(60)            9.4298E+06   5.4E+04      106.05     0.60  0.57
 5p3/2  2.7402(28)E+06     364.93(38)            2.7402E+06   2.8E+03      364.93     0.38  0.10
 6p3/2  1.1047(11)E+06     905.20(87)            1.1047E+06   1.1E+03      905.20     0.87  0.10
 7p3/2  5.4443(62)E+05     1836.8(21)            5.4443E+05   6.2E+02      1836.8      2.1  0.11
 8p3/2  3.0679(42)E+05     3259.5(45)            3.0679E+05   4.2E+02      3259.5      4.5  0.14
 9p3/2  1.8994(25)E+05     5264.9(69)            1.8994E+05   2.5E+02      5264.9      6.9  0.13
10p3/2  1.2604(19)E+05        7934(12)           1.2604E+05   1.9E+02       7934       12   0.15
11p3/2  8.813(14)E+04        11347(19)           8.8125E+04   1.4E+02      11347       19   0.16
 3d3/2  5.1097(43)E+07     19.571(20)            5.1097E+07   5.1E+04      19.571    0.020  0.10
 4d3/2  1.9119(70)E+07      52.30(22)            1.9119E+07   8.2E+04       52.30     0.22  0.43
 5d3/2  9.2466(65)E+06    108.148(89)            9.2466E+06   7.6E+03     108.148    0.089  0.08
 6d3/2  5.1960(38)E+06     192.46(16)            5.1960E+06   4.4E+03      192.46     0.16  0.09
 7d3/2  3.2187(28)E+06     310.68(31)            3.2187E+06   3.3E+03      310.68     0.31  0.10
 8d3/2  2.1359(19)E+06     468.19(49)            2.1359E+06   2.2E+03      468.19     0.49  0.11
 9d3/2  1.4908(19)E+06      670.8(10)            1.4908E+06   2.3E+03       670.8      1.0  0.15
10d3/2  1.08380(67)E+06    922.68(67)            1.0838E+06   7.9E+02      922.68     0.67  0.07
11d3/2  8.113(16)E+05      1232.5(29)            8.1135E+05   1.9E+03      1232.5      2.9  0.24
 3d5/2  5.1016(51)E+07     19.602(20)            5.1016E+07   5.1E+04      19.602    0.020  0.10
 4d5/2  1.9074(81)E+07      52.43(22)            1.9074E+07   8.1E+04       52.43     0.22  0.43
 5d5/2  9.2208(77)E+06    108.450(90)            9.2208E+06   7.7E+03     108.450    0.090  0.08
 6d5/2  5.1802(44)E+06     193.04(17)            5.1802E+06   4.4E+03      193.04     0.17  0.09
 7d5/2  3.2087(31)E+06     311.66(30)            3.2087E+06   3.1E+03      311.66     0.30  0.10
 8d5/2  2.1290(21)E+06     469.70(47)            2.1290E+06   2.1E+03      469.70     0.47  0.10
 9d5/2  1.4859(22)E+06     672.98(99)            1.4859E+06   2.2E+03      672.98     0.99  0.15
10d5/2  1.08012(79)E+06    925.82(67)            1.0801E+06   7.9E+02      925.82     0.67  0.07
11d5/2  8.086(19)E+05      1236.8(29)            8.0857E+05   1.9E+03      1236.8      2.9  0.24
