 State    Total rate        Lifetime   Ref.      Total rate     Unc      Lifetime     Unc  Unc %
 7s1/2  1.955(13)E+08       5.116(49)            1.9546E+08   1.9E+06       5.116    0.049  0.95
 8s1/2  1.2211(52)E+08      8.189(47)            1.2211E+08   7.1E+05       8.189    0.047  0.58
 9s1/2  7.487(34)E+07      13.356(84)            7.4872E+07   4.7E+05      13.356    0.084  0.63
10s1/2  4.808(20)E+07       20.80(12)            4.8076E+07   2.8E+05       20.80     0.12  0.59
11s1/2  3.238(13)E+07       30.88(17)            3.2383E+07   1.8E+05       30.88     0.17  0.57
12s1/2  2.2747(90)E+07      43.96(24)            2.2747E+07   1.2E+05       43.96     0.24  0.55
13s1/2  1.6626(25)E+07      60.15(12)            1.6626E+07   3.3E+04       60.15     0.12  0.20
14s1/2  1.2438(18)E+07      80.40(15)            1.2438E+07   2.4E+04       80.40     0.15  0.19
 6p1/2  1.2731(13)E+08       7.855(10) E77       1.2731E+08   1.3E+05       7.855    0.010  0.10
 7p1/2  2.79(13)E+07         35.9(16)            2.7870E+07   1.3E+06        35.9      1.6  4.53
 8p1/2  1.11(13)E+07            90(11)           1.1059E+07   1.3E+06         90       11  12.17
 9p1/2  5.8(10)E+06            174(30)           5.7595E+06   1.0E+06        174       30  17.52
10p1/2  3.47(72)E+06           288(60)           3.4748E+06   7.2E+05        288       60  20.78
11p1/2  2.29(52)E+06           437(99)           2.2883E+06   5.2E+05        437       99  22.76
12p1/2  1.60(38)E+06          630(150)           1.5998E+06   3.8E+05        625      150  23.95
13p1/2  1.17(29)E+06          860(210)           1.1678E+06   2.9E+05        856      211  24.67
14p1/2  8.8(22)E+05          1140(290)           8.7887E+05   2.2E+05       1138      286  25.17
 6p3/2  1.5971(14)E+08      6.2615(72) E78       1.5971E+08   1.4E+05      6.2615   0.0072  0.09
 7p3/2  3.67(13)E+07         27.3(10)            3.6687E+07   1.4E+06        27.3      1.0  3.83
 8p3/2  1.373(95)E+07        72.8(56)            1.3727E+07   1.1E+06        72.8      5.6  7.66
 9p3/2  6.60(71)E+06           151(18)           6.6042E+06   7.8E+05        151       18  11.75
10p3/2  3.71(52)E+06           269(40)           3.7135E+06   5.6E+05        269       40  15.03
11p3/2  2.31(38)E+06           432(76)           2.3131E+06   4.0E+05        432       76  17.50
12p3/2  1.55(28)E+06          650(130)           1.5466E+06   3.0E+05        647      125  19.35
13p3/2  1.09(21)E+06          920(190)           1.0884E+06   2.3E+05        919      191  20.76
14p3/2  8.0(16)E+05          1260(270)           7.9623E+05   1.7E+05       1256      275  21.86
 6d3/2  2.398(45)E+08       4.170(97)            2.3982E+08   5.6E+06       4.170    0.097  2.34
 7d3/2  1.226(24)E+08        8.16(18)            1.2262E+08   2.7E+06        8.16     0.18  2.16
 8d3/2  6.89(17)E+07        14.52(38)            6.8858E+07   1.8E+06       14.52     0.38  2.61
 9d3/2  4.072(89)E+07       24.56(59)            4.0717E+07   9.8E+05       24.56     0.59  2.41
10d3/2  2.67(11)E+07         37.4(17)            2.6740E+07   1.2E+06        37.4      1.7  4.48
11d3/2  1.898(87)E+07        52.7(27)            1.8975E+07   9.6E+05        52.7      2.7  5.08
12d3/2  1.338(50)E+07        74.8(33)            1.3378E+07   5.8E+05        74.8      3.3  4.36
13d3/2  9.98(38)E+06        100.2(44)            9.9849E+06   4.3E+05       100.2      4.4  4.35
 6d5/2  2.264(76)E+08        4.42(15)            2.2638E+08   7.6E+06        4.42     0.15  3.37
 7d5/2  1.141(25)E+08        8.77(20)            1.1408E+08   2.5E+06        8.77     0.20  2.23
 8d5/2  6.34(17)E+07        15.76(42)            6.3450E+07   1.7E+06       15.76     0.42  2.68
 9d5/2  3.753(88)E+07       26.65(63)            3.7526E+07   8.9E+05       26.65     0.63  2.38
10d5/2  2.435(63)E+07        41.1(11)            2.4348E+07   6.4E+05        41.1      1.1  2.64
11d5/2  1.716(83)E+07        58.3(28)            1.7165E+07   8.4E+05        58.3      2.8  4.89
12d5/2  1.247(57)E+07        80.2(37)            1.2470E+07   5.8E+05        80.2      3.7  4.64
13d5/2  9.08(40)E+06        110.1(49)            9.0787E+06   4.0E+05       110.1      4.9  4.44
