  Transition         Wavelength            Matrix el.           Br. ratio       Tran. rate        Wavelength       Unc   Unc %   Matrix el.     Unc   Unc %     Br. ratio     Unc    Unc %  Tran. rate    Unc     Unc %
 8s1/2   7p1/2      1332.876(5)            4.241(16)              0.4093(20)    7.693(58)E+06        1332.876      0.005   0.00      4.241      0.016    0.38         0.4093        0.0020    0.48  7.6931E+06  5.8E+04    0.75
 8s1/2   7p3/2      1719.400(9)            7.464(12)              0.5907(20)    1.1103(35)E+07       1719.400      0.009   0.00      7.464      0.012    0.16         0.5907        0.0020    0.33  1.1103E+07  3.5E+04    0.31
 9s1/2   7p1/2       744.403(2)            1.011(13)              0.2717(59)    2.512(65)E+06         744.403      0.002   0.00      1.011      0.013    1.29         0.2717        0.0059    2.16  2.5123E+06  6.5E+04    2.59
 9s1/2   7p3/2       851.281(3)            1.385(21)              0.3409(73)    3.152(96)E+06         851.281      0.003   0.00      1.385      0.021    1.53         0.3409        0.0073    2.14  3.1515E+06  9.6E+04    3.06
 9s1/2   8p1/2       3909.24(6)            9.355(28)              0.1605(22)    1.4841(88)E+06        3909.24       0.06   0.00      9.355      0.028    0.30         0.1605        0.0022    1.35  1.4841E+06  8.8E+03    0.59
 9s1/2   8p3/2        4968.5(1)           15.934(26)              0.2268(29)    2.0972(69)E+06         4968.5        0.1   0.00     15.934      0.026    0.17         0.2268        0.0029    1.29  2.0972E+06  6.9E+03    0.33
10s1/2   7p1/2      622.1533(2)           0.5391(71)              0.2463(55)    1.223(32)E+06        622.1533     0.0002   0.00     0.5391     0.0071    1.31         0.2463        0.0055    2.24  1.2225E+06  3.2E+04    2.62
10s1/2   7p3/2      695.0903(3)            0.708(11)              0.3046(72)    1.512(48)E+06        695.0903     0.0003   0.00      0.708      0.011    1.60         0.3046        0.0072    2.35  1.5121E+06  4.8E+04    3.19
10s1/2   8p1/2      1923.944(3)            1.934(21)              0.1071(25)    5.32(12)E+05         1923.944      0.003   0.00      1.934      0.021    1.11         0.1071        0.0025    2.33  5.3183E+05  1.2E+04    2.22
10s1/2   8p3/2      2149.469(3)            2.454(35)              0.1238(34)    6.14(17)E+05         2149.469      0.003   0.00      2.454      0.035    1.41         0.1238        0.0034    2.74  6.1447E+05  1.7E+04    2.82
10s1/2   9p1/2        8386.4(4)           16.233(63)              0.0912(13)    4.526(35)E+05          8386.4        0.4   0.00     16.233      0.063    0.39         0.0912        0.0013    1.43  4.5258E+05  3.5E+03    0.78
10s1/2   9p3/2       10588.5(6)            27.18(12)              0.1270(19)    6.304(57)E+05         10588.5        0.6   0.01      27.18       0.12    0.45         0.1270        0.0019    1.47  6.3037E+05  5.7E+03    0.90
11s1/2   7p1/2      572.0333(2)           0.3577(46)              0.2368(53)    6.92(18)E+05         572.0333     0.0002   0.00     0.3577     0.0046    1.29         0.2368        0.0053    2.24  6.9249E+05  1.8E+04    2.58
11s1/2   7p3/2      633.1153(3)           0.4623(75)              0.2918(71)    8.53(28)E+05         633.1153     0.0003   0.00     0.4623     0.0075    1.62         0.2918        0.0071    2.42  8.5326E+05  2.8E+04    3.24
11s1/2   8p1/2      1513.787(2)            0.985(11)              0.0969(22)    2.833(62)E+05        1513.787      0.002   0.00      0.985      0.011    1.10         0.0969        0.0022    2.32  2.8326E+05  6.2E+03    2.19
11s1/2   8p3/2      1650.001(2)            1.191(17)              0.1094(31)    3.200(92)E+05        1650.001      0.002   0.00      1.191      0.017    1.44         0.1094        0.0031    2.83  3.2003E+05  9.2E+03    2.89
11s1/2   9p1/2       3845.12(7)            3.098(35)              0.0585(14)    1.710(38)E+05         3845.12       0.07   0.00      3.098      0.035    1.12         0.0585        0.0014    2.44  1.7105E+05  3.8E+03    2.24
11s1/2   9p3/2       4250.42(9)            3.755(78)              0.0636(26)    1.860(77)E+05         4250.42       0.09   0.00      3.755      0.078    2.07         0.0636        0.0026    4.06  1.8602E+05  7.7E+03    4.14
11s1/2  10p1/2         15273(1)            24.84(15)              0.0600(10)    1.754(21)E+05          15273          1    0.01      24.84       0.15    0.61         0.0600        0.0010    1.68  1.7543E+05  2.1E+03    1.21
11s1/2  10p3/2         19201(2)            41.17(25)              0.0830(14)    2.426(30)E+05          19201          2    0.01      41.17       0.25    0.61         0.0830        0.0014    1.66  2.4262E+05  3.0E+03    1.22
12s1/2   7p1/2      545.7891(2)           0.2630(33)              0.2324(52)    4.31(11)E+05         545.7891     0.0002   0.00     0.2630     0.0033    1.27         0.2324        0.0052    2.23  4.3098E+05  1.1E+04    2.55
12s1/2   7p3/2      601.1239(2)           0.3372(55)              0.2859(70)    5.30(17)E+05         601.1239     0.0002   0.00     0.3372     0.0055    1.63         0.2859        0.0070    2.46  5.3023E+05  1.7E+04    3.26
12s1/2   8p1/2      1342.905(1)           0.6411(68)              0.0927(21)    1.719(37)E+05        1342.905      0.001   0.00     0.6411     0.0068    1.07         0.0927        0.0021    2.28  1.7192E+05  3.7E+03    2.13
12s1/2   8p3/2      1449.024(2)            0.762(11)              0.1042(30)    1.932(56)E+05        1449.024      0.002   0.00      0.762      0.011    1.45         0.1042        0.0030    2.85  1.9319E+05  5.6E+03    2.89
12s1/2   9p1/2       2905.88(4)            1.530(19)              0.0521(14)    9.67(24)E+04          2905.88       0.04   0.00      1.530      0.019    1.23         0.0521        0.0014    2.62  9.6654E+04  2.4E+03    2.45
12s1/2   9p3/2       3131.55(5)            1.756(39)              0.0549(24)    1.017(46)E+05         3131.55       0.05   0.00      1.756      0.039    2.24         0.0549        0.0024    4.41  1.0172E+05  4.6E+03    4.49
12s1/2  10p1/2        6687.5(2)            4.514(58)              0.0372(10)    6.90(18)E+04           6687.5        0.2   0.00      4.514      0.058    1.28         0.0372        0.0010    2.75  6.9008E+04  1.8E+03    2.56
12s1/2  10p3/2        7345.3(3)             5.31(13)              0.0389(19)    7.21(36)E+04           7345.3        0.3   0.00       5.31       0.13    2.52         0.0389        0.0019    4.98  7.2149E+04  3.6E+03    5.03
12s1/2  11p1/2         25098(3)            35.19(26)             0.04279(80)    7.94(12)E+04           25098          3    0.01      35.19       0.26    0.75        0.04279       0.00080    1.88  7.9350E+04  1.2E+03    1.49
12s1/2  11p3/2         31456(5)            57.94(41)              0.0589(11)    1.093(16)E+05          31456          5    0.02      57.94       0.41    0.72         0.0589        0.0011    1.82  1.0928E+05  1.6E+03    1.43
13s1/2   7p1/2      530.1066(2)           0.2053(26)              0.2301(51)    2.866(72)E+05        530.1066     0.0002   0.00     0.2053     0.0026    1.26         0.2301        0.0051    2.22  2.8657E+05  7.2E+03    2.53
13s1/2   7p3/2      582.1555(2)           0.2619(43)              0.2829(70)    3.52(12)E+05         582.1555     0.0002   0.00     0.2619     0.0043    1.64         0.2829        0.0070    2.48  3.5231E+05  1.2E+04    3.29
13s1/2   8p1/2      1251.787(1)           0.4674(49)              0.0906(20)    1.128(24)E+05        1251.787      0.001   0.00     0.4674     0.0049    1.04         0.0906        0.0020    2.25  1.1281E+05  2.4E+03    2.09
13s1/2   8p3/2      1343.502(1)           0.5504(80)              0.1016(29)    1.266(37)E+05        1343.502      0.001   0.00     0.5504     0.0080    1.45         0.1016        0.0029    2.86  1.2656E+05  3.7E+03    2.90
13s1/2   9p1/2       2510.46(3)            0.981(12)              0.0494(13)    6.16(15)E+04          2510.46       0.03   0.00      0.981      0.012    1.25         0.0494        0.0013    2.67  6.1562E+04  1.5E+03    2.51
13s1/2   9p3/2       2677.13(4)            1.103(25)              0.0516(23)    6.42(29)E+04          2677.13       0.04   0.00      1.103      0.025    2.29         0.0516        0.0023    4.50  6.4211E+04  2.9E+03    4.57
13s1/2  10p1/2        4908.3(1)            2.180(32)              0.0327(10)    4.07(12)E+04           4908.3        0.1   0.00      2.180      0.032    1.45         0.0327        0.0010    3.06  4.0722E+04  1.2E+03    2.91
13s1/2  10p3/2        5253.6(1)            2.417(67)              0.0328(18)    4.08(23)E+04           5253.6        0.1   0.00      2.417      0.067    2.78         0.0328        0.0018    5.52  4.0814E+04  2.3E+03    5.57
13s1/2  11p1/2       10633.0(6)            6.179(88)             0.02583(78)    3.217(91)E+04         10633.0        0.6   0.01      6.179      0.088    1.42        0.02583       0.00078    3.02  3.2172E+04  9.1E+02    2.84
13s1/2  11p3/2       11628.7(7)             7.12(21)              0.0263(15)    3.27(19)E+04          11628.7        0.7   0.01       7.12       0.21    2.89         0.0263        0.0015    5.75  3.2698E+04  1.9E+03    5.78
13s1/2  12p1/2         38379(7)            47.28(40)             0.03217(65)    4.007(67)E+04          38379          7    0.02      47.28       0.40    0.84        0.03217       0.00065    2.03  4.0066E+04  6.7E+02    1.68
13s1/2  12p3/2        47990(10)            77.49(61)             0.04419(85)    5.504(86)E+04          47989         12    0.02      77.49       0.61    0.78        0.04419       0.00085    1.93  5.5039E+04  8.6E+02    1.57
14s1/2   7p1/2      519.9111(2)           0.1667(21)              0.2288(51)    2.002(50)E+05        519.9111     0.0002   0.00     0.1667     0.0021    1.26         0.2288        0.0051    2.21  2.0023E+05  5.0E+03    2.51
14s1/2   7p3/2      569.8828(2)           0.2120(35)              0.2811(70)    2.461(81)E+05        569.8828     0.0002   0.00     0.2120     0.0035    1.66         0.2811        0.0070    2.50  2.4606E+05  8.1E+03    3.31
14s1/2   8p1/2      1196.386(1)           0.3636(37)              0.0893(20)    7.82(16)E+04         1196.386      0.001   0.00     0.3636     0.0037    1.03         0.0893        0.0020    2.23  7.8197E+04  1.6E+03    2.06
14s1/2   8p3/2      1279.892(1)           0.4260(62)              0.1002(29)    8.77(25)E+04         1279.892      0.001   0.00     0.4260     0.0062    1.45         0.1002        0.0029    2.86  8.7677E+04  2.5E+03    2.90
14s1/2   9p1/2       2297.13(3)           0.7089(90)              0.0480(13)    4.20(11)E+04          2297.13       0.03   0.00     0.7089     0.0090    1.26         0.0480        0.0013    2.69  4.1995E+04  1.1E+03    2.53
14s1/2   9p3/2       2435.90(3)            0.789(18)              0.0499(23)    4.37(20)E+04          2435.90       0.03   0.00      0.789      0.018    2.31         0.0499        0.0023    4.54  4.3664E+04  2.0E+03    4.61
14s1/2  10p1/2       4154.06(9)            1.380(21)             0.03074(97)    2.690(81)E+04         4154.06       0.09   0.00      1.380      0.021    1.51        0.03074       0.00097    3.16  2.6901E+04  8.1E+02    3.01
14s1/2  10p3/2        4398.7(1)            1.495(43)              0.0304(17)    2.66(15)E+04           4398.7        0.1   0.00      1.495      0.043    2.86         0.0304        0.0017    5.68  2.6615E+04  1.5E+03    5.72
14s1/2  11p1/2        7631.3(3)            2.934(48)             0.02242(77)    1.962(65)E+04          7631.3        0.3   0.00      2.934      0.048    1.65        0.02242       0.00077    3.44  1.9625E+04  6.5E+02    3.29
14s1/2  11p3/2        8131.0(3)             3.17(10)              0.0217(14)    1.90(12)E+04           8131.0        0.3   0.00       3.17       0.10    3.25         0.0217        0.0014    6.47  1.8967E+04  1.2E+03    6.49
14s1/2  12p1/2         15861(1)             8.09(12)             0.01900(62)    1.663(51)E+04          15861          1    0.01       8.09       0.12    1.53        0.01900       0.00062    3.24  1.6632E+04  5.1E+02    3.06
14s1/2  12p3/2         17292(2)             9.19(29)              0.0189(12)    1.66(11)E+04           17292          2    0.01       9.19       0.29    3.18         0.0189        0.0012    6.35  1.6555E+04  1.1E+03    6.35
14s1/2  13p1/2        55630(20)            61.12(55)             0.02511(54)    2.198(40)E+04          55634         16    0.03      61.12       0.55    0.90        0.02511       0.00054    2.13  2.1977E+04  4.0E+02    1.80
14s1/2  13p3/2        69440(20)            99.81(83)             0.03444(69)    3.014(50)E+04          69442         24    0.03      99.81       0.83    0.83        0.03444       0.00069    2.01  3.0140E+04  5.0E+02    1.66
 7p1/2   7s1/2      817.1664(2)              4.277(8) E37         1.0           3.396(13)E+07        817.1664     0.0002   0.00     4.2770     0.0080    0.19  1.00000000000 0.00000000000    0.00  3.3961E+07  1.3E+05    0.37
 8p1/2   7s1/2      432.6577(1)            0.328(33)               0.174(31)    1.34(27)E+06         432.6577     0.0001   0.00      0.328      0.033    9.92          0.174         0.031   17.73  1.3433E+06  2.7E+05   19.84
 8p1/2   8s1/2       2964.74(3)           10.092(17)               0.512(39)    3.960(13)E+06         2964.74       0.03   0.00     10.092      0.017    0.17          0.512         0.039    7.57  3.9597E+06  1.3E+04    0.33
 8p1/2   6d3/2      1452.836(6)             2.71(29)               0.314(48)    2.42(52)E+06         1452.836      0.006   0.00       2.71       0.29   10.74          0.314         0.048   15.14  2.4244E+06  5.2E+05   21.49
 9p1/2   7s1/2      368.7559(7)            0.110(22)               0.075(28)    2.46(99)E+05         368.7559     0.0007   0.00      0.110      0.022   20.11          0.075         0.028   37.23  2.4566E+05  9.9E+04   40.22
 9p1/2   8s1/2       1355.34(1)            0.977(29)              0.1192(74)    3.88(23)E+05          1355.34       0.01   0.00      0.977      0.029    2.94         0.1192        0.0074    6.21  3.8842E+05  2.3E+04    5.88
 9p1/2   9s1/2        6909.8(3)           17.445(62)               0.287(10)    9.345(67)E+05          6909.8        0.3   0.00     17.445      0.062    0.36          0.287         0.010    3.54  9.3449E+05  6.7E+03    0.72
 9p1/2   6d3/2       918.414(5)           0.7492(77)              0.2253(86)    7.34(15)E+05          918.414      0.005   0.00     0.7492     0.0077    1.03         0.2253        0.0086    3.82  7.3405E+05  1.5E+04    2.05
 9p1/2   7d3/2       3479.25(7)             6.30(16)               0.293(14)    9.56(50)E+05          3479.25       0.07   0.00       6.30       0.16    2.61          0.293         0.014    4.85  9.5580E+05  5.0E+04    5.22
10p1/2   7s1/2      344.0661(6)            0.056(15)               0.043(23)    7.7(42)E+04          344.0661     0.0006   0.00      0.056      0.015   27.26          0.043         0.023   52.20  7.7249E+04  4.2E+04   54.53
10p1/2   8s1/2      1072.478(7)            0.383(16)              0.0673(55)    1.203(98)E+05        1072.478      0.007   0.00      0.383      0.016    4.06         0.0673        0.0055    8.12  1.2027E+05  9.8E+03    8.11
10p1/2   9s1/2       2947.09(6)            1.841(42)              0.0751(38)    1.342(61)E+05         2947.09       0.06   0.00      1.841      0.042    2.26         0.0751        0.0038    5.12  1.3415E+05  6.1E+03    4.52
10p1/2  10s1/2       13270.3(9)            26.62(11)              0.1719(53)    3.072(26)E+05         13270.3        0.9   0.01      26.62       0.11    0.43         0.1719        0.0053    3.06  3.0719E+05  2.6E+03    0.86
10p1/2   6d3/2       779.161(4)           0.4056(88)              0.1972(89)    3.52(15)E+05          779.161      0.004   0.00     0.4056     0.0088    2.18         0.1972        0.0089    4.51  3.5236E+05  1.5E+04    4.35
10p1/2   7d3/2       2074.62(3)            1.856(45)               0.219(10)    3.91(19)E+05          2074.62       0.03   0.00      1.856      0.045    2.43          0.219         0.010    4.71  3.9069E+05  1.9E+04    4.86
10p1/2   8d3/2        6832.8(2)            11.30(25)               0.227(10)    4.05(18)E+05           6832.8        0.2   0.00      11.30       0.25    2.22          0.227         0.010    4.44  4.0534E+05  1.8E+04    4.45
11p1/2   7s1/2      331.5532(6)            0.034(11)               0.030(19)    3.3(22)E+04          331.5532     0.0006   0.00      0.034      0.011   33.24          0.030         0.019   64.55  3.2651E+04  2.2E+04   66.48
11p1/2   8s1/2       959.593(5)           0.2142(85)              0.0477(39)    5.26(42)E+04          959.593      0.005   0.00     0.2142     0.0085    3.98         0.0477        0.0039    8.11  5.2619E+04  4.2E+03    7.97
11p1/2   9s1/2       2227.14(3)            0.740(16)              0.0455(23)    5.02(21)E+04          2227.14       0.03   0.00      0.740      0.016    2.13         0.0455        0.0023    4.98  5.0208E+04  2.1E+03    4.26
11p1/2  10s1/2        5404.1(1)            2.910(57)              0.0492(23)    5.44(21)E+04           5404.1        0.1   0.00      2.910      0.057    1.98         0.0492        0.0023    4.73  5.4363E+04  2.1E+03    3.95
11p1/2  11s1/2         22616(3)            37.64(18)              0.1124(34)    1.241(12)E+05          22616          3    0.01      37.64       0.18    0.49         0.1124        0.0034    3.01  1.2409E+05  1.2E+03    0.97
11p1/2   6d3/2       717.813(3)           0.2698(69)              0.1805(91)    1.99(10)E+05          717.813      0.003   0.00     0.2698     0.0069    2.57         0.1805        0.0091    5.02  1.9935E+05  1.0E+04    5.13
11p1/2   7d3/2       1690.03(2)            0.999(28)               0.190(10)    2.10(12)E+05          1690.03       0.02   0.00      0.999      0.028    2.84          0.190         0.010    5.33  2.0960E+05  1.2E+04    5.69
11p1/2   8d3/2       3905.62(8)             3.35(10)              0.1730(98)    1.91(11)E+05          3905.62       0.08   0.00       3.35       0.10    2.99         0.1730        0.0098    5.64  1.9102E+05  1.1E+04    5.99
11p1/2   9d3/2       11840.3(7)            17.66(55)               0.172(10)    1.90(12)E+05          11840.3        0.7   0.01      17.66       0.55    3.10          0.172         0.010    5.79  1.9030E+05  1.2E+04    6.20
12p1/2   7s1/2      324.2439(5)           0.0236(90)               0.023(17)    1.7(13)E+04          324.2439     0.0005   0.00     0.0236     0.0090   38.06          0.023         0.017   74.42  1.6605E+04  1.3E+04   76.12
12p1/2   8s1/2       900.820(5)           0.1421(59)              0.0381(32)    2.80(23)E+04          900.820      0.005   0.00     0.1421     0.0059    4.13         0.0381        0.0032    8.40  2.7992E+04  2.3E+03    8.25
12p1/2   9s1/2       1934.24(2)            0.424(13)              0.0344(23)    2.52(16)E+04          1934.24       0.02   0.00      0.424      0.013    3.11         0.0344        0.0023    6.60  2.5216E+04  1.6E+03    6.21
12p1/2  10s1/2       3952.00(8)            1.178(26)              0.0310(16)    2.28(10)E+04          3952.00       0.08   0.00      1.178      0.026    2.24         0.0310        0.0016    5.13  2.2758E+04  1.0E+03    4.47
12p1/2  11s1/2        8912.1(4)            4.195(76)              0.0343(15)    2.519(92)E+04          8912.1        0.4   0.00      4.195      0.076    1.82         0.0343        0.0015    4.46  2.5189E+04  9.2E+02    3.64
12p1/2  12s1/2         35527(6)            50.53(27)              0.0786(23)    5.768(61)E+04          35527          6    0.02      50.53       0.27    0.53         0.0786        0.0023    2.91  5.7675E+04  6.1E+02    1.06
12p1/2   6d3/2       684.411(3)           0.1985(55)              0.1696(89)    1.245(68)E+05         684.411      0.003   0.00     0.1985     0.0055    2.75         0.1696        0.0089    5.24  1.2448E+05  6.8E+03    5.50
12p1/2   7d3/2       1515.85(1)            0.661(20)              0.1734(97)    1.272(77)E+05         1515.85       0.01   0.00      0.661      0.020    3.03         0.1734        0.0097    5.62  1.2724E+05  7.7E+03    6.06
12p1/2   8d3/2       3086.11(5)            1.793(55)              0.1510(88)    1.108(68)E+05         3086.11       0.05   0.00      1.793      0.055    3.06         0.1510        0.0088    5.80  1.1083E+05  6.8E+03    6.11
12p1/2   9d3/2        6559.6(2)             5.23(16)              0.1338(80)    9.82(61)E+04           6559.6        0.2   0.00       5.23       0.16    3.10         0.1338        0.0080    5.98  9.8199E+04  6.1E+03    6.21
12p1/2  10d3/2         18832(2)            25.39(89)              0.1332(88)    9.78(69)E+04           18832          2    0.01      25.39       0.89    3.52         0.1332        0.0088    6.62  9.7751E+04  6.9E+03    7.04
13p1/2   7s1/2      319.5734(5)           0.0176(74)               0.019(15)    9.6(80)E+03          319.5734     0.0005   0.00     0.0176     0.0074   41.89          0.019         0.015   82.25  9.5648E+03  8.0E+03   83.79
13p1/2   8s1/2       865.670(4)           0.1037(34)              0.0327(23)    1.68(11)E+04          865.670      0.004   0.00     0.1037     0.0034    3.32         0.0327        0.0023    6.92  1.6801E+04  1.1E+03    6.64
13p1/2   9s1/2       1779.13(2)            0.286(11)              0.0287(23)    1.47(12)E+04          1779.13       0.02   0.00      0.286      0.011    3.98         0.0287        0.0023    8.16  1.4747E+04  1.2E+03    7.97
13p1/2  10s1/2       3354.46(6)            0.676(22)              0.0239(16)    1.228(79)E+04         3354.46       0.06   0.00      0.676      0.022    3.21         0.0239        0.0016    6.79  1.2276E+04  7.9E+02    6.43
13p1/2  11s1/2        6358.0(2)            1.701(40)              0.0222(12)    1.141(54)E+04          6358.0        0.2   0.00      1.701      0.040    2.37         0.0222        0.0012    5.32  1.1406E+04  5.4E+02    4.75
13p1/2  12s1/2       13657.2(9)            5.697(98)              0.0251(11)    1.291(44)E+04         13657.2        0.9   0.01      5.697      0.098    1.72         0.0251        0.0011    4.24  1.2909E+04  4.4E+02    3.44
13p1/2  13s1/2        52580(10)            65.27(37)              0.0578(16)    2.969(34)E+04          52581         14    0.03      65.27       0.37    0.56         0.0578        0.0016    2.81  2.9691E+04  3.4E+02    1.13
13p1/2   6d3/2       663.929(3)           0.1550(44)              0.1620(87)    8.32(47)E+04          663.929      0.003   0.00     0.1550     0.0044    2.85         0.1620        0.0087    5.36  8.3186E+04  4.7E+03    5.70
13p1/2   7d3/2       1418.90(1)            0.485(15)              0.1628(94)    8.36(53)E+04          1418.90       0.01   0.00      0.485      0.015    3.14         0.1628        0.0094    5.78  8.3572E+04  5.3E+03    6.29
13p1/2   8d3/2       2709.25(4)            1.181(36)              0.1384(81)    7.10(44)E+04          2709.25       0.04   0.00      1.181      0.036    3.09         0.1384        0.0081    5.86  7.1035E+04  4.4E+03    6.18
13p1/2   9d3/2        5062.7(1)            2.780(83)              0.1175(69)    6.03(36)E+04           5062.7        0.1   0.00      2.780      0.083    3.00         0.1175        0.0069    5.85  6.0345E+04  3.6E+03    5.99
13p1/2  10d3/2       10185.8(5)             7.49(23)              0.1047(64)    5.38(33)E+04          10185.8        0.5   0.01       7.49       0.23    3.10         0.1047        0.0064    6.10  5.3772E+04  3.3E+03    6.20
13p1/2  11d3/2         28138(4)             34.5(13)              0.1053(75)    5.41(41)E+04           28138          4    0.01       34.5        1.3    3.75         0.1053        0.0075    7.15  5.4064E+04  4.1E+03    7.49
14p1/2   7s1/2      316.3961(5)           0.0137(62)               0.016(14)    6.0(54)E+03          316.3961     0.0005   0.00     0.0137     0.0062   44.94          0.016         0.014   88.46  6.0188E+03  5.4E+03   89.89
14p1/2   8s1/2       842.746(4)           0.0804(28)              0.0293(21)    1.094(77)E+04         842.746      0.004   0.00     0.0804     0.0028    3.54         0.0293        0.0021    7.30  1.0943E+04  7.7E+02    7.07
14p1/2   9s1/2       1684.93(2)           0.2116(98)              0.0254(24)    9.48(88)E+03          1684.93       0.02   0.00     0.2116     0.0098    4.64         0.0254        0.0024    9.38  9.4804E+03  8.8E+02    9.29
14p1/2  10s1/2       3034.59(5)            0.456(18)              0.0202(16)    7.55(59)E+03          3034.59       0.05   0.00      0.456      0.018    3.92         0.0202        0.0016    8.08  7.5456E+03  5.9E+02    7.85
14p1/2  11s1/2        5299.3(1)            0.976(32)              0.0174(12)    6.49(42)E+03           5299.3        0.1   0.00      0.976      0.032    3.23         0.0174        0.0012    6.82  6.4855E+03  4.2E+02    6.47
14p1/2  12s1/2        9556.2(5)            2.311(56)             0.01661(90)    6.20(30)E+03           9556.2        0.5   0.00      2.311      0.056    2.44        0.01661       0.00090    5.40  6.2005E+03  3.0E+02    4.89
14p1/2  13s1/2         19825(2)             7.42(12)             0.01916(78)    7.15(24)E+03           19825          2    0.01       7.42       0.12    1.65        0.01916       0.00078    4.08  7.1506E+03  2.4E+02    3.30
14p1/2  14s1/2        74360(30)            81.89(48)              0.0443(12)    1.652(20)E+04          74358         28    0.04      81.89       0.48    0.59         0.0443        0.0012    2.72  1.6524E+04  2.0E+02    1.18
14p1/2   6d3/2       650.361(2)           0.1260(37)              0.1566(85)    5.84(34)E+04          650.361      0.002   0.00     0.1260     0.0037    2.91         0.1566        0.0085    5.43  5.8440E+04  3.4E+03    5.83
14p1/2   7d3/2       1358.34(1)            0.379(12)              0.1555(92)    5.80(37)E+04          1358.34       0.01   0.00      0.379      0.012    3.22         0.1555        0.0092    5.89  5.8039E+04  3.7E+03    6.44
14p1/2   8d3/2       2496.70(3)            0.864(27)              0.1302(77)    4.86(30)E+04          2496.70       0.03   0.00      0.864      0.027    3.11         0.1302        0.0077    5.90  4.8588E+04  3.0E+03    6.23
14p1/2   9d3/2        4367.9(1)            1.822(54)              0.1081(62)    4.03(24)E+04           4367.9        0.1   0.00      1.822      0.054    2.95         0.1081        0.0062    5.78  4.0338E+04  2.4E+03    5.90
14p1/2  10d3/2        7716.1(3)             3.96(11)              0.0925(53)    3.45(20)E+04           7716.1        0.3   0.00       3.96       0.11    2.89         0.0925        0.0053    5.78  3.4524E+04  2.0E+03    5.79
14p1/2  11d3/2         14934(1)            10.13(31)              0.0836(51)    3.12(19)E+04           14934          1    0.01      10.13       0.31    3.07         0.0836        0.0051    6.12  3.1194E+04  1.9E+03    6.14
14p1/2  12d3/2         40089(8)             44.9(17)              0.0851(64)    3.18(25)E+04           40089          8    0.02       44.9        1.7    3.88         0.0851        0.0064    7.50  3.1762E+04  2.5E+03    7.77
 7p3/2   7s1/2      718.1845(1)             5.898(15) E37         1.0           4.757(24)E+07        718.1845     0.0001   0.00      5.898      0.015    0.25  1.00000000000 0.00000000000    0.00  4.7567E+07  2.4E+05    0.51
 8p3/2   7s1/2      422.6845(1)            0.932(50)               0.453(29)    5.82(62)E+06         422.6845     0.0001   0.00      0.932      0.050    5.32          0.453         0.029    6.36  5.8223E+06  6.2E+05   10.63
 8p3/2   8s1/2       2552.11(2)           13.360(33)               0.423(23)    5.439(26)E+06         2552.11       0.02   0.00     13.360      0.033    0.24          0.423         0.023    5.46  5.4393E+06  2.6E+04    0.49
 8p3/2   6d3/2      1346.178(5)             0.86(12)              0.0121(34)    1.55(43)E+05         1346.178      0.005   0.00       0.86       0.12   13.97         0.0121        0.0034   28.13  1.5526E+05  4.3E+04   27.94
 8p3/2   6d5/2      1383.381(6)             2.74(31)               0.112(23)    1.44(33)E+06         1383.381      0.006   0.00       2.74       0.31   11.29          0.112         0.023   20.63  1.4399E+06  3.3E+05   22.58
 9p3/2   7s1/2      365.4143(7)            0.435(27)               0.358(28)    1.97(24)E+06         365.4143     0.0007   0.00      0.435      0.027    6.09          0.358         0.028    7.89  1.9653E+06  2.4E+05   12.18
 9p3/2   8s1/2       1311.27(1)            2.230(32)               0.203(10)    1.117(32)E+06         1311.27       0.01   0.00      2.230      0.032    1.44          0.203         0.010    5.00  1.1168E+06  3.2E+04    2.88
 9p3/2   9s1/2        5899.0(2)            22.70(12)               0.232(11)    1.272(14)E+06          5899.0        0.2   0.00      22.70       0.12    0.55          0.232         0.011    4.55  1.2717E+06  1.4E+04    1.09
 9p3/2   6d3/2       897.962(5)            0.255(11)             0.00827(79)    4.54(39)E+04          897.962      0.005   0.00      0.255      0.011    4.25        0.00827       0.00079    9.54  4.5382E+04  3.9E+03    8.50
 9p3/2   6d5/2       914.364(5)            0.816(29)              0.0804(63)    4.41(31)E+05          914.364      0.005   0.00      0.816      0.029    3.55         0.0804        0.0063    7.90  4.4149E+05  3.1E+04    7.10
 9p3/2   7d3/2       3202.90(6)            1.979(72)             0.01100(94)    6.04(44)E+04          3202.90       0.06   0.00      1.979      0.072    3.66        0.01100       0.00094    8.51  6.0361E+04  4.4E+03    7.32
 9p3/2   7d5/2       3296.77(6)             6.45(17)              0.1072(69)    5.89(31)E+05          3296.77       0.06   0.00       6.45       0.17    2.63         0.1072        0.0069    6.46  5.8874E+05  3.1E+04    5.25
10p3/2   7s1/2      342.4882(6)            0.270(18)               0.315(29)    9.2(12)E+05          342.4882     0.0006   0.00      0.270      0.018    6.71          0.315         0.029    9.25  9.2108E+05  1.2E+05   13.42
10p3/2   8s1/2      1057.294(7)            1.050(21)              0.1615(88)    4.73(19)E+05         1057.294      0.007   0.00      1.050      0.021    1.97         0.1615        0.0088    5.42  4.7276E+05  1.9E+04    3.94
10p3/2   9s1/2       2835.20(5)            3.879(46)              0.1143(55)    3.344(79)E+05         2835.20       0.05   0.00      3.879      0.046    1.18         0.1143        0.0055    4.81  3.3442E+05  7.9E+03    2.35
10p3/2  10s1/2       11267.9(6)            34.30(23)              0.1423(64)    4.166(55)E+05         11267.9        0.6   0.01      34.30       0.23    0.66         0.1423        0.0064    4.48  4.1660E+05  5.5E+03    1.32
10p3/2   6d3/2       771.116(3)           0.1377(30)             0.00716(44)    2.095(91)E+04         771.116      0.003   0.00     0.1377     0.0030    2.16        0.00716       0.00044    6.11  2.0952E+04  9.1E+02    4.33
10p3/2   6d5/2       783.180(4)           0.4418(84)              0.0703(39)    2.058(78)E+05         783.180      0.004   0.00     0.4418     0.0084    1.90         0.0703        0.0039    5.59  2.0585E+05  7.8E+03    3.79
10p3/2   7d3/2       2018.55(2)            0.636(18)             0.00851(61)    2.49(14)E+04          2018.55       0.02   0.00      0.636      0.018    2.88        0.00851       0.00061    7.17  2.4915E+04  1.4E+03    5.75
10p3/2   7d5/2       2055.43(2)            2.059(50)              0.0845(52)    2.47(12)E+05          2055.43       0.02   0.00      2.059      0.050    2.42         0.0845        0.0052    6.19  2.4725E+05  1.2E+04    4.84
10p3/2   8d3/2        6260.0(2)             3.56(12)             0.00894(70)    2.62(17)E+04           6260.0        0.2   0.00       3.56       0.12    3.27        0.00894       0.00070    7.79  2.6179E+04  1.7E+03    6.53
10p3/2   8d5/2        6440.3(2)            11.64(34)              0.0878(60)    2.57(15)E+05           6440.3        0.2   0.00      11.64       0.34    2.94         0.0878        0.0060    6.88  2.5702E+05  1.5E+04    5.87
11p3/2   7s1/2      330.6703(5)            0.191(14)               0.291(30)    5.12(73)E+05         330.6703     0.0005   0.00      0.191      0.014    7.14          0.291         0.030   10.17  5.1171E+05  7.3E+04   14.28
11p3/2   8s1/2       952.234(5)           0.6533(31)              0.1423(62)    2.504(24)E+05         952.234      0.005   0.00     0.6533     0.0031    0.47         0.1423        0.0062    4.33  2.5042E+05  2.4E+03    0.94
11p3/2   9s1/2       2187.90(3)            1.811(21)              0.0901(43)    1.586(36)E+05         2187.90       0.03   0.00      1.811      0.021    1.14         0.0901        0.0043    4.73  1.5865E+05  3.6E+03    2.28
11p3/2  10s1/2        5178.7(1)            5.894(62)              0.0720(34)    1.267(27)E+05          5178.7        0.1   0.00      5.894      0.062    1.06         0.0720        0.0034    4.68  1.2669E+05  2.7E+03    2.11
11p3/2  11s1/2         19132(2)            48.19(36)              0.0954(43)    1.680(25)E+05          19132          2    0.01      48.19       0.36    0.75         0.0954        0.0043    4.46  1.6797E+05  2.5E+03    1.50
11p3/2   6d3/2       713.688(3)           0.0911(11)             0.00658(32)    1.157(27)E+04         713.688      0.003   0.00     0.0911     0.0011    1.17        0.00658       0.00032    4.85  1.1575E+04  2.7E+02    2.34
11p3/2   6d5/2       724.010(3)           0.2925(32)              0.0649(31)    1.142(25)E+05         724.010      0.003   0.00     0.2925     0.0032    1.10         0.0649        0.0031    4.72  1.1420E+05  2.5E+03    2.19
11p3/2   7d3/2       1667.34(2)            0.348(12)             0.00751(62)    1.321(95)E+04         1667.34       0.02   0.00      0.348      0.012    3.58        0.00751       0.00062    8.28  1.3215E+04  9.5E+02    7.16
11p3/2   7d5/2       1692.43(2)            1.124(33)              0.0750(52)    1.320(77)E+05         1692.43       0.02   0.00      1.124      0.033    2.93         0.0750        0.0052    6.87  1.3195E+05  7.7E+03    5.85
11p3/2   8d3/2       3786.53(7)            1.166(49)             0.00720(68)    1.27(11)E+04          3786.53       0.07   0.00      1.166      0.049    4.23        0.00720       0.00068    9.41  1.2679E+04  1.1E+03    8.46
11p3/2   8d5/2       3851.74(7)             3.76(13)              0.0712(55)    1.252(87)E+05         3851.74       0.07   0.00       3.76       0.13    3.46         0.0712        0.0055    7.69  1.2525E+05  8.7E+03    6.92
11p3/2   9d3/2       10809.6(6)             5.59(25)             0.00713(70)    1.25(11)E+04          10809.6        0.6   0.01       5.59       0.25    4.44        0.00713       0.00070    9.80  1.2544E+04  1.1E+03    8.89
11p3/2   9d5/2       11113.8(6)            18.28(70)              0.0700(58)    1.233(94)E+05         11113.8        0.6   0.01      18.28       0.70    3.82         0.0700        0.0058    8.26  1.2327E+05  9.4E+03    7.64
12p3/2   7s1/2      323.6962(5)            0.145(11)               0.276(30)    3.16(47)E+05         323.6962     0.0005   0.00      0.145      0.011    7.44          0.276         0.030   10.83  3.1581E+05  4.7E+04   14.88
12p3/2   8s1/2       896.605(5)           0.4631(46)              0.1315(60)    1.507(30)E+05         896.605      0.005   0.00     0.4631     0.0046    1.00         0.1315        0.0060    4.56  1.5073E+05  3.0E+03    2.00
12p3/2   9s1/2       1914.92(2)            1.124(25)              0.0796(46)    9.12(40)E+04          1914.92       0.02   0.00      1.124      0.025    2.19         0.0796        0.0046    5.83  9.1194E+04  4.0E+03    4.37
12p3/2  10s1/2       3872.15(8)            2.731(32)              0.0568(27)    6.51(15)E+04          3872.15       0.08   0.00      2.731      0.032    1.18         0.0568        0.0027    4.77  6.5074E+04  1.5E+03    2.35
12p3/2  11s1/2        8516.1(4)            8.288(82)              0.0492(23)    5.63(11)E+04           8516.1        0.4   0.00      8.288      0.082    0.99         0.0492        0.0023    4.63  5.6339E+04  1.1E+03    1.98
12p3/2  12s1/2         29971(5)            64.38(52)              0.0680(31)    7.80(13)E+04           29971          5    0.02      64.38       0.52    0.81         0.0680        0.0031    4.49  7.7974E+04  1.3E+03    1.63
12p3/2   6d3/2       681.975(3)          0.06678(39)             0.00621(27)    7.121(84)E+03         681.975      0.003   0.00    0.06678    0.00039    0.59        0.00621       0.00027    4.39  7.1210E+03  8.4E+01    1.18
12p3/2   6d5/2       691.395(3)           0.2144(13)              0.0614(27)    7.042(87)E+04         691.395      0.003   0.00     0.2144     0.0013    0.62         0.0614        0.0027    4.38  7.0422E+04  8.7E+02    1.24
12p3/2   7d3/2       1503.96(1)           0.2311(91)             0.00694(62)    7.95(63)E+03          1503.96       0.01   0.00     0.2311     0.0091    3.95        0.00694       0.00062    8.91  7.9516E+03  6.3E+02    7.90
12p3/2   7d5/2       1524.34(1)            0.746(24)              0.0695(51)    7.97(51)E+04          1524.34       0.01   0.00      0.746      0.024    3.20         0.0695        0.0051    7.29  7.9688E+04  5.1E+03    6.40
12p3/2   8d3/2       3037.20(5)            0.637(28)             0.00641(63)    7.34(66)E+03          3037.20       0.05   0.00      0.637      0.028    4.46        0.00641       0.00063    9.83  7.3435E+03  6.6E+02    8.93
12p3/2   8d5/2       3079.02(5)            2.048(74)              0.0635(50)    7.28(52)E+04          3079.02       0.05   0.00      2.048      0.074    3.60         0.0635        0.0050    7.94  7.2779E+04  5.2E+03    7.20
12p3/2   9d3/2        6342.5(2)            1.839(85)             0.00586(59)    6.72(62)E+03           6342.5        0.2   0.00      1.839      0.085    4.60        0.00586       0.00059   10.07  6.7175E+03  6.2E+02    9.20
12p3/2   9d5/2        6446.0(2)             5.91(22)              0.0576(47)    6.61(49)E+04           6446.0        0.2   0.00       5.91       0.22    3.73         0.0576        0.0047    8.19  6.6067E+04  4.9E+03    7.45
12p3/2  10d3/2         17147(1)             8.08(40)             0.00572(62)    6.55(65)E+03           17147          1    0.01       8.08       0.40    5.00        0.00572       0.00062   10.80  6.5524E+03  6.5E+02    9.99
12p3/2  10d5/2         17619(2)             26.4(11)              0.0562(51)    6.44(54)E+04           17619          2    0.01       26.4        1.1    4.23         0.0562        0.0051    9.03  6.4358E+04  5.4E+03    8.47
13p3/2   7s1/2      319.2088(5)           0.1160(89)               0.266(30)    2.09(32)E+05         319.2088     0.0005   0.00     0.1160     0.0089    7.65          0.266         0.030   11.28  2.0946E+05  3.2E+04   15.31
13p3/2   8s1/2       863.000(4)           0.3535(35)              0.1249(57)    9.85(20)E+04          863.000      0.004   0.00     0.3535     0.0035    1.00         0.1249        0.0057    4.53  9.8483E+04  2.0E+03    2.00
13p3/2   9s1/2       1767.89(2)           0.7877(98)              0.0721(34)    5.69(14)E+04          1767.89       0.02   0.00     0.7877     0.0098    1.25         0.0721        0.0034    4.78  5.6879E+04  1.4E+03    2.50
13p3/2  10s1/2       3314.72(6)            1.685(28)              0.0501(26)    3.95(13)E+04          3314.72       0.06   0.00      1.685      0.028    1.63         0.0501        0.0026    5.21  3.9473E+04  1.3E+03    3.27
13p3/2  11s1/2        6216.8(2)            3.815(48)              0.0389(19)    3.068(76)E+04          6216.8        0.2   0.00      3.815      0.048    1.25         0.0389        0.0019    4.82  3.0682E+04  7.6E+02    2.49
13p3/2  12s1/2       13021.6(9)            11.06(10)              0.0356(16)    2.808(53)E+04         13021.6        0.9   0.01      11.06       0.10    0.94         0.0356        0.0016    4.57  2.8083E+04  5.3E+02    1.89
13p3/2  13s1/2        44260(10)            82.87(72)              0.0509(23)    4.011(69)E+04          44263         10    0.02      82.87       0.72    0.87         0.0509        0.0023    4.50  4.0111E+04  6.9E+02    1.73
13p3/2   6d3/2       662.357(3)          0.05199(30)             0.00598(26)    4.712(54)E+03         662.357      0.003   0.00    0.05199    0.00030    0.58        0.00598       0.00026    4.34  4.7117E+03  5.4E+01    1.15
13p3/2   6d5/2       671.239(3)           0.1669(11)              0.0592(26)    4.666(60)E+04         671.239      0.003   0.00     0.1669     0.0011    0.64         0.0592        0.0026    4.36  4.6662E+04  6.0E+02    1.28
13p3/2   7d3/2       1411.75(1)           0.1698(71)             0.00658(61)    5.19(44)E+03          1411.75       0.01   0.00     0.1698     0.0071    4.19        0.00658       0.00061    9.32  5.1898E+03  4.4E+02    8.38
13p3/2   7d5/2       1429.69(1)            0.548(19)              0.0661(50)    5.21(35)E+04          1429.69       0.01   0.00      0.548      0.019    3.38         0.0661        0.0050    7.57  5.2136E+04  3.5E+03    6.77
13p3/2   8d3/2       2683.26(4)            0.423(20)             0.00595(60)    4.69(43)E+03          2683.26       0.04   0.00      0.423      0.020    4.62        0.00595       0.00060   10.09  4.6895E+03  4.3E+02    9.23
13p3/2   8d5/2       2715.85(4)            1.357(50)              0.0591(48)    4.66(34)E+04          2715.85       0.04   0.00      1.357      0.050    3.70         0.0591        0.0048    8.11  4.6583E+04  3.4E+03    7.40
13p3/2   9d3/2        4972.7(1)            1.003(46)             0.00525(53)    4.14(38)E+03           4972.7        0.1   0.00      1.003      0.046    4.61        0.00525       0.00053   10.09  4.1409E+03  3.8E+02    9.23
13p3/2   9d5/2        5036.2(1)             3.21(12)              0.0517(42)    4.08(30)E+04           5036.2        0.1   0.00       3.21       0.12    3.69         0.0517        0.0042    8.15  4.0788E+04  3.0E+03    7.38
13p3/2  10d3/2        9828.0(5)             2.66(13)             0.00477(49)    3.76(35)E+03           9828.0        0.5   0.00       2.66       0.13    4.72        0.00477       0.00049   10.28  3.7639E+03  3.5E+02    9.43
13p3/2  10d5/2        9981.5(5)             8.51(32)              0.0468(39)    3.69(28)E+04           9981.5        0.5   0.01       8.51       0.32    3.80         0.0468        0.0039    8.37  3.6887E+04  2.8E+03    7.61
13p3/2  11d3/2         25567(3)            11.01(58)             0.00466(53)    3.67(39)E+03           25567          3    0.01      11.01       0.58    5.30        0.00466       0.00053   11.36  3.6734E+03  3.9E+02   10.61
13p3/2  11d5/2         26259(3)             35.9(16)              0.0457(43)    3.61(32)E+04           26259          3    0.01       35.9        1.6    4.46         0.0457        0.0043    9.48  3.6051E+04  3.2E+03    8.93
14p3/2   7s1/2      316.1407(5)           0.0956(75)               0.258(30)    1.46(23)E+05         316.1407     0.0005   0.00     0.0956     0.0075    7.81          0.258         0.030   11.63  1.4641E+05  2.3E+04   15.62
14p3/2   8s1/2       840.936(4)           0.2829(28)              0.1203(54)    6.82(14)E+04          840.936      0.004   0.00     0.2829     0.0028    1.00         0.1203        0.0054    4.51  6.8174E+04  1.4E+03    2.00
14p3/2   9s1/2       1677.71(2)           0.6004(80)              0.0682(33)    3.87(10)E+04          1677.71       0.02   0.00     0.6004     0.0080    1.33         0.0682        0.0033    4.84  3.8671E+04  1.0E+03    2.67
14p3/2  10s1/2       3011.26(5)            1.188(33)              0.0462(31)    2.62(14)E+04          3011.26       0.05   0.00      1.188      0.033    2.74         0.0462        0.0031    6.67  2.6190E+04  1.4E+03    5.48
14p3/2  11s1/2        5228.5(1)            2.339(39)              0.0342(18)    1.939(64)E+04          5228.5        0.1   0.00      2.339      0.039    1.66         0.0342        0.0018    5.25  1.9393E+04  6.4E+02    3.32
14p3/2  12s1/2        9328.5(4)            5.063(65)              0.0282(14)    1.599(41)E+04          9328.5        0.4   0.00      5.063      0.065    1.28         0.0282        0.0014    4.84  1.5994E+04  4.1E+02    2.55
14p3/2  13s1/2         18870(2)            14.22(13)              0.0269(12)    1.525(28)E+04          18870          2    0.01      14.22       0.13    0.91         0.0269        0.0012    4.52  1.5246E+04  2.8E+02    1.83
14p3/2  14s1/2        62490(20)           103.68(93)              0.0394(18)    2.231(40)E+04          62490         20    0.03     103.68       0.93    0.90         0.0394        0.0018    4.51  2.2311E+04  4.0E+02    1.81
14p3/2   6d3/2       649.282(2)          0.04215(30)             0.00580(25)    3.289(46)E+03         649.282      0.002   0.00    0.04215    0.00030    0.70        0.00580       0.00025    4.38  3.2885E+03  4.6E+01    1.40
14p3/2   6d5/2       657.815(3)          0.13535(98)              0.0575(25)    3.260(47)E+04         657.815      0.003   0.00    0.13535    0.00098    0.73         0.0575        0.0025    4.38  3.2598E+04  4.7E+02    1.45
14p3/2   7d3/2       1353.65(1)           0.1326(58)             0.00633(61)    3.59(31)E+03          1353.65       0.01   0.00     0.1326     0.0058    4.35        0.00633       0.00061    9.60  3.5890E+03  3.1E+02    8.70
14p3/2   7d5/2       1370.13(1)            0.428(15)              0.0637(49)    3.61(25)E+04          1370.13       0.01   0.00      0.428      0.015    3.51         0.0637        0.0049    7.76  3.6116E+04  2.5E+03    7.01
14p3/2   8d3/2       2480.88(3)            0.310(15)             0.00564(58)    3.20(30)E+03          2480.88       0.03   0.00      0.310      0.015    4.72        0.00564       0.00058   10.26  3.1980E+03  3.0E+02    9.43
14p3/2   8d5/2       2508.71(3)            0.996(38)              0.0561(46)    3.18(24)E+04          2508.71       0.03   0.00      0.996      0.038    3.77         0.0561        0.0046    8.23  3.1820E+04  2.4E+03    7.54
14p3/2   9d3/2       4319.67(9)            0.663(31)             0.00488(49)    2.77(26)E+03          4319.67       0.09   0.00      0.663      0.031    4.64        0.00488       0.00049   10.13  2.7657E+03  2.6E+02    9.29
14p3/2   9d5/2        4367.4(1)            2.118(78)              0.0481(39)    2.73(20)E+04           4367.4        0.1   0.00      2.118      0.078    3.69         0.0481        0.0039    8.16  2.7281E+04  2.0E+03    7.39
14p3/2  10d3/2        7567.0(3)            1.442(66)             0.00429(43)    2.43(22)E+03           7567.0        0.3   0.00      1.442      0.066    4.59        0.00429       0.00043   10.04  2.4320E+03  2.2E+02    9.18
14p3/2  10d5/2        7657.6(3)             4.60(17)              0.0421(34)    2.38(17)E+04           7657.6        0.3   0.00       4.60       0.17    3.66         0.0421        0.0034    8.14  2.3843E+04  1.7E+03    7.31
14p3/2  11d3/2         14385(1)             3.61(17)             0.00392(40)    2.22(21)E+03           14385          1    0.01       3.61       0.17    4.73        0.00392       0.00040   10.31  2.2236E+03  2.1E+02    9.47
14p3/2  11d5/2         14602(1)            11.56(44)              0.0383(32)    2.17(17)E+04           14602          1    0.01      11.56       0.44    3.81         0.0383        0.0032    8.42  2.1730E+04  1.7E+03    7.62
14p3/2  12d3/2         36366(7)            14.39(79)             0.00385(45)    2.18(24)E+03           36366          7    0.02      14.39       0.79    5.48        0.00385       0.00045   11.68  2.1825E+03  2.4E+02   10.96
14p3/2  12d5/2         37336(7)             46.9(22)              0.0378(37)    2.14(20)E+04           37336          7    0.02       46.9        2.2    4.60         0.0378        0.0037    9.77  2.1399E+04  2.0E+03    9.19
 6d3/2   7p1/2       2504.72(2)            7.241(35)             0.96066(73)    1.690(16)E+06         2504.72       0.02   0.00      7.241      0.035    0.48        0.96066       0.00073    0.08  1.6902E+06  1.6E+04    0.96
 6d3/2   7p3/2       4336.75(6)            3.338(28)             0.03934(73)    6.92(12)E+04          4336.75       0.06   0.00      3.338      0.028    0.84        0.03934       0.00073    1.86  6.9217E+04  1.2E+03    1.68
 7d3/2   7p1/2       832.874(2)            3.478(71)              0.7881(86)    1.061(44)E+07         832.874      0.002   0.00      3.478      0.071    2.05         0.7881        0.0086    1.09  1.0608E+07  4.4E+05    4.10
 7d3/2   7p3/2       968.989(3)            2.160(36)              0.1930(82)    2.598(88)E+06         968.989      0.003   0.00      2.160      0.036    1.69         0.1930        0.0082    4.23  2.5985E+06  8.8E+04    3.37
 7d3/2   8p1/2        8841.2(2)           18.338(43)             0.01831(61)    2.465(12)E+05          8841.2        0.2   0.00     18.338      0.043    0.24        0.01831       0.00061    3.33  2.4648E+05  1.2E+03    0.47
 7d3/2   8p3/2       17072.9(9)            8.342(21)            0.000526(18)    7.083(36)E+03         17072.9        0.9   0.01      8.342      0.021    0.25       0.000526      0.000018    3.34  7.0827E+03  3.6E+01    0.50
 8d3/2   7p1/2      650.9040(3)            1.812(19)              0.6535(81)    6.03(12)E+06         650.9040     0.0003   0.00      1.812      0.019    1.03         0.6535        0.0081    1.25  6.0311E+06  1.2E+05    2.05
 8d3/2   7p3/2      731.1727(4)           0.9996(98)              0.1403(33)    1.295(25)E+06        731.1727     0.0004   0.00     0.9996     0.0098    0.98         0.1403        0.0033    2.37  1.2948E+06  2.5E+04    1.97
 8d3/2   8p1/2      2228.314(4)             5.03(18)              0.1253(82)    1.156(84)E+06        2228.314      0.004   0.00       5.03       0.18    3.64         0.1253        0.0082    6.53  1.1562E+06  8.4E+04    7.29
 8d3/2   8p3/2      2536.558(5)             3.41(10)              0.0390(23)    3.60(21)E+05         2536.558      0.005   0.00       3.41       0.10    2.94         0.0390        0.0023    5.89  3.5997E+05  2.1E+04    5.88
 8d3/2   9p1/2         20728(2)           32.324(63)             0.00644(11)    5.943(23)E+04          20728          2    0.01     32.324      0.063    0.20        0.00644       0.00011    1.73  5.9432E+04  2.3E+02    0.39
 8d3/2   9p3/2         42652(9)           14.712(45)           0.0001531(27)    1.4130(87)E+03         42652          9    0.02     14.712      0.045    0.31      0.0001531     0.0000027    1.80  1.4130E+03  8.7E+00    0.62
 8d3/2   5f5/2         5840(10)  *         11.30(46)              0.0353(29)    3.26(27)E+05            5836         14    0.23      11.30       0.46    4.11         0.0353        0.0029    8.13  3.2563E+05  2.7E+04    8.25
 9d3/2   7p1/2      585.5114(2)            1.177(13)              0.5858(75)    3.497(77)E+06        585.5114     0.0002   0.00      1.177      0.013    1.10         0.5858        0.0075    1.28  3.4967E+06  7.7E+04    2.21
 9d3/2   7p3/2      649.6671(3)           0.6214(80)              0.1195(33)    7.13(18)E+05         649.6671     0.0003   0.00     0.6214     0.0080    1.29         0.1195        0.0033    2.75  7.1336E+05  1.8E+04    2.58
 9d3/2   8p1/2      1611.984(2)            2.648(56)              0.1420(56)    8.48(36)E+05         1611.984      0.002   0.00      2.648      0.056    2.12         0.1420        0.0056    3.92  8.4781E+05  3.6E+04    4.24
 9d3/2   8p3/2      1767.349(3)            1.565(22)              0.0377(12)    2.248(64)E+05        1767.349      0.003   0.00      1.565      0.022    1.41         0.0377        0.0012    3.14  2.2476E+05  6.4E+03    2.83
 9d3/2   9p1/2        4549.0(1)             6.84(41)              0.0422(49)    2.52(30)E+05           4549.0        0.1   0.00       6.84       0.41    6.04         0.0422        0.0049   11.66  2.5164E+05  3.0E+04   12.08
 9d3/2   9p3/2        5127.4(1)             4.88(22)              0.0150(14)    8.93(81)E+04           5127.4        0.1   0.00       4.88       0.22    4.52         0.0150        0.0014    9.04  8.9341E+04  8.1E+03    9.04
 9d3/2  10p1/2         39633(8)            49.56(22)            0.003348(61)    1.998(18)E+04          39633          8    0.02      49.56       0.22    0.45       0.003348      0.000061    1.81  1.9985E+04  1.8E+02    0.91
 9d3/2  10p3/2        84450(40)           22.585(56)           0.0000719(12)    4.289(22)E+02          84454         36    0.04     22.585      0.056    0.25      0.0000719     0.0000012    1.66  4.2894E+02  2.2E+00    0.52
 9d3/2   5f5/2          2916(3)  *        2.4614(98)             0.02074(37)    1.238(11)E+05           2916          3    0.12     2.4614     0.0098    0.40        0.02074       0.00037    1.79  1.2377E+05  1.1E+03    0.87
 9d3/2   6f5/2        10870(20)  *         22.57(78)              0.0337(23)    2.01(14)E+05           10867         24    0.22      22.57       0.78    3.45         0.0337        0.0023    6.87  2.0096E+05  1.4E+04    6.93
10d3/2   7p1/2      553.3253(2)            0.853(11)              0.5481(76)    2.174(54)E+06        553.3253     0.0002   0.00      0.853      0.011    1.25         0.5481        0.0076    1.38  2.1736E+06  5.4E+04    2.50
10d3/2   7p3/2      610.2784(2)           0.4402(61)              0.1089(32)    4.32(12)E+05         610.2784     0.0002   0.00     0.4402     0.0061    1.38         0.1089        0.0032    2.92  4.3189E+05  1.2E+04    2.77
10d3/2   8p1/2      1389.467(2)            1.735(29)              0.1434(47)    5.69(19)E+05         1389.467      0.002   0.00      1.735      0.029    1.69         0.1434        0.0047    3.27  5.6869E+05  1.9E+04    3.39
10d3/2   8p3/2      1503.385(2)           0.9745(93)             0.03570(87)    1.416(27)E+05        1503.385      0.002   0.00     0.9745     0.0093    0.96        0.03570       0.00087    2.43  1.4158E+05  2.7E+03    1.91
10d3/2   9p1/2       3133.08(5)             3.57(13)              0.0528(38)    2.09(16)E+05          3133.08       0.05   0.00       3.57       0.13    3.76         0.0528        0.0038    7.29  2.0938E+05  1.6E+04    7.52
10d3/2   9p3/2       3397.01(6)            2.200(56)             0.01577(82)    6.25(32)E+04          3397.01       0.06   0.00      2.200      0.056    2.53        0.01577       0.00082    5.22  6.2532E+04  3.2E+03    5.05
10d3/2  10p1/2        8027.1(3)             8.87(68)              0.0194(29)    7.7(12)E+04            8027.1        0.3   0.00       8.87       0.68    7.68         0.0194        0.0029   15.13  7.7028E+04  1.2E+04   15.35
10d3/2  10p3/2        8993.8(4)             6.56(36)             0.00756(84)    3.00(33)E+04           8993.8        0.4   0.00       6.56       0.36    5.51        0.00756       0.00084   11.05  2.9974E+04  3.3E+03   11.02
10d3/2  11p1/2        67160(20)            70.11(13)            0.002072(34)    8.219(33)E+03          67163         23    0.03      70.11       0.13    0.19       0.002072      0.000034    1.63  8.2186E+03  3.3E+01    0.40
10d3/2  11p3/2      146300(100)           31.988(58)          0.00004175(68)    1.6558(71)E+02        146280        108    0.07     31.988      0.058    0.18     0.00004175    0.00000068    1.64  1.6558E+02  7.1E-01    0.43
10d3/2   5f5/2          2261(2)  *        1.2112(24)             0.01621(27)    6.429(31)E+04           2261          2    0.09     1.2112     0.0024    0.20        0.01621       0.00027    1.65  6.4292E+04  3.1E+02    0.48
10d3/2   6f5/2          5226(5)  *         4.963(12)             0.02205(37)    8.745(50)E+04           5226          5    0.10      4.963      0.012    0.24        0.02205       0.00037    1.68  8.7450E+04  5.0E+02    0.57
10d3/2   7f5/2        18210(40)  *          36.4(11)              0.0280(18)    1.111(69)E+05          18208         36    0.20       36.4        1.1    3.10         0.0280        0.0018    6.26  1.1114E+05  6.9E+03    6.23
11d3/2   7p1/2      534.7904(2)           0.6584(87)              0.5247(76)    1.435(38)E+06        534.7904     0.0002   0.00     0.6584     0.0087    1.32         0.5247        0.0076    1.45  1.4355E+06  3.8E+04    2.64
11d3/2   7p3/2      587.8091(2)           0.3355(48)              0.1026(31)    2.808(80)E+05        587.8091     0.0002   0.00     0.3355     0.0048    1.42         0.1026        0.0031    2.98  2.8079E+05  8.0E+03    2.84
11d3/2   8p1/2      1278.222(1)            1.267(19)              0.1423(42)    3.89(12)E+05         1278.222      0.001   0.00      1.267      0.019    1.50         0.1423        0.0042    2.98  3.8936E+05  1.2E+04    3.00
11d3/2   8p3/2      1374.000(1)           0.6929(67)             0.03427(83)    9.38(18)E+04         1374.000      0.001   0.00     0.6929     0.0067    0.97        0.03427       0.00083    2.43  9.3752E+04  1.8E+03    1.93
11d3/2   9p1/2       2619.09(3)            2.331(71)              0.0560(33)    1.532(93)E+05         2619.09       0.03   0.00      2.331      0.071    3.05         0.0560        0.0033    5.96  1.5316E+05  9.3E+03    6.10
11d3/2   9p3/2       2801.02(4)            1.361(26)             0.01561(63)    4.27(16)E+04          2801.02       0.04   0.00      1.361      0.026    1.88        0.01561       0.00063    4.01  4.2700E+04  1.6E+03    3.75
11d3/2  10p1/2        5341.5(1)             4.57(23)              0.0254(25)    6.94(69)E+04           5341.5        0.1   0.00       4.57       0.23    4.95         0.0254        0.0025    9.77  6.9409E+04  6.9E+03    9.90
11d3/2  10p3/2        5753.0(2)            2.911(96)             0.00824(55)    2.25(15)E+04           5753.0        0.2   0.00      2.911      0.096    3.29        0.00824       0.00055    6.70  2.2548E+04  1.5E+03    6.57
11d3/2  11p1/2       12899.0(8)             11.1(10)              0.0107(19)    2.93(52)E+04          12899.0        0.8   0.01       11.1        1.0    8.96         0.0107        0.0019   17.80  2.9259E+04  5.2E+03   17.93
11d3/2  11p3/2         14394(1)             8.47(53)             0.00446(56)    1.22(15)E+04           14394          1    0.01       8.47       0.53    6.26        0.00446       0.00056   12.57  1.2196E+04  1.5E+03   12.53
11d3/2  12p1/2       104880(60)            94.00(18)            0.001418(23)    3.879(16)E+03         104882         55    0.05      94.00       0.18    0.19       0.001418      0.000023    1.62  3.8792E+03  1.6E+01    0.42
11d3/2  12p3/2      231700(300)           42.925(73)          0.00002744(45)    7.506(37)E+01         231669        270    0.12     42.925      0.073    0.17     0.00002744    0.00000045    1.64  7.5064E+01  3.7E-01    0.49
11d3/2   5f5/2          1980(2)  *        0.7671(31)             0.01403(25)    3.837(32)E+04           1980          2    0.08     0.7671     0.0031    0.41        0.01403       0.00025    1.77  3.8369E+04  3.2E+02    0.85
11d3/2   6f5/2          3937(3)  *        2.4397(76)             0.01806(31)    4.941(33)E+04           3937          3    0.08     2.4397     0.0076    0.31        0.01806       0.00031    1.69  4.9406E+04  3.3E+02    0.66
11d3/2   7f5/2          8506(8)  *         8.003(10)             0.01927(31)    5.271(20)E+04           8506          8    0.09      8.003      0.010    0.13        0.01927       0.00031    1.60  5.2707E+04  2.0E+02    0.38
11d3/2   8f5/2        28300(80)  *          52.9(15)              0.0229(14)    6.26(37)E+04           28295         80    0.28       52.9        1.5    2.89         0.0229        0.0014    5.92  6.2647E+04  3.7E+03    5.85
12d3/2   7p1/2      523.0373(2)           0.5302(72)              0.5092(76)    9.95(27)E+05         523.0373     0.0002   0.00     0.5302     0.0072    1.36         0.5092        0.0076    1.49  9.9516E+05  2.7E+04    2.71
12d3/2   7p3/2      573.6409(2)           0.2680(39)              0.0986(30)    1.927(55)E+05        573.6409     0.0002   0.00     0.2680     0.0039    1.44         0.0986        0.0030    3.00  1.9270E+05  5.5E+03    2.88
12d3/2   8p1/2      1213.070(1)            0.985(14)              0.1410(40)    2.755(77)E+05        1213.070      0.001   0.00      0.985      0.014    1.40         0.1410        0.0040    2.82  2.7551E+05  7.7E+03    2.79
12d3/2   8p3/2      1299.005(1)           0.5304(55)             0.03326(84)    6.50(13)E+04         1299.005      0.001   0.00     0.5304     0.0055    1.03        0.03326       0.00084    2.52  6.5005E+04  1.3E+03    2.06
12d3/2   9p1/2       2359.44(3)            1.702(46)              0.0572(30)    1.117(61)E+05         2359.44       0.03   0.00      1.702      0.046    2.71         0.0572        0.0030    5.33  1.1173E+05  6.1E+03    5.43
12d3/2   9p3/2       2506.07(3)            0.966(15)             0.01535(53)    3.001(94)E+04         2506.07       0.03   0.00      0.966      0.015    1.56        0.01535       0.00053    3.43  3.0010E+04  9.4E+02    3.12
12d3/2  10p1/2        4362.4(1)             2.97(12)              0.0276(22)    5.39(44)E+04           4362.4        0.1   0.00       2.97       0.12    4.06         0.0276        0.0022    8.03  5.3880E+04  4.4E+03    8.11
12d3/2  10p3/2        4633.0(1)            1.788(45)             0.00833(44)    1.628(83)E+04          4633.0        0.1   0.00      1.788      0.045    2.53        0.00833       0.00044    5.26  1.6279E+04  8.3E+02    5.07
12d3/2  11p1/2        8365.1(4)             5.67(34)              0.0142(17)    2.78(33)E+04           8365.1        0.4   0.00       5.67       0.34    5.91         0.0142        0.0017   11.76  2.7839E+04  3.3E+03   11.83
12d3/2  11p3/2        8969.4(4)             3.71(14)             0.00493(39)    9.64(75)E+03           8969.4        0.4   0.00       3.71       0.14    3.89        0.00493       0.00039    7.89  9.6397E+03  7.5E+02    7.78
12d3/2  12p1/2         19398(2)             13.6(14)              0.0066(13)    1.29(26)E+04           19398          2    0.01       13.6        1.4    9.99         0.0066        0.0013   19.91  1.2899E+04  2.6E+03   19.98
12d3/2  12p3/2         21582(2)            10.61(72)             0.00290(40)    5.68(78)E+03           21582          2    0.01      10.61       0.72    6.83        0.00290       0.00040   13.70  5.6758E+03  7.8E+02   13.66
12d3/2  13p1/2      154400(100)           121.23(27)            0.001036(17)    2.024(10)E+03         154354        120    0.08     121.23       0.27    0.23       0.001036      0.000017    1.62  2.0242E+03  1.0E+01    0.51
12d3/2  13p3/2      344300(600)           55.401(93)          0.00001949(32)    3.810(24)E+01         344281        597    0.17     55.401      0.093    0.17     0.00001949    0.00000032    1.66  3.8098E+01  2.4E-01    0.62
12d3/2   5f5/2          1828(1)  *        0.5487(27)             0.01277(23)    2.495(26)E+04           1828          1    0.07     0.5487     0.0027    0.50        0.01277       0.00023    1.84  2.4953E+04  2.6E+02    1.03
12d3/2   6f5/2          3378(2)  *        1.5420(77)             0.01598(29)    3.124(32)E+04           3378          2    0.07     1.5420     0.0077    0.50        0.01598       0.00029    1.84  3.1241E+04  3.2E+02    1.02
12d3/2   7f5/2          6267(4)  *         3.919(16)             0.01617(28)    3.161(26)E+04           6267          4    0.07      3.919      0.016    0.40        0.01617       0.00028    1.74  3.1612E+04  2.6E+02    0.83
12d3/2   8f5/2        12930(20)  *       11.5937(58)             0.01613(26)    3.152(13)E+04          12927         17    0.13    11.5937     0.0058    0.05        0.01613       0.00026    1.59  3.1521E+04  1.3E+02    0.40
12d3/2   9f5/2       41600(200)  *          72.2(20)              0.0188(11)    3.68(21)E+04           41572        173    0.42       72.2        2.0    2.75         0.0188        0.0011    5.75  3.6777E+04  2.1E+03    5.65
13d3/2   7p1/2      515.0765(2)           0.4399(61)              0.4982(76)    7.17(20)E+05         515.0765     0.0002   0.00     0.4399     0.0061    1.38         0.4982        0.0076    1.52  7.1737E+05  2.0E+04    2.76
13d3/2   7p3/2      564.0794(2)           0.2211(32)              0.0958(29)    1.379(40)E+05        564.0794     0.0002   0.00     0.2211     0.0032    1.45         0.0958        0.0029    3.01  1.3795E+05  4.0E+03    2.90
13d3/2   8p1/2      1171.092(1)            0.799(11)              0.1397(38)    2.012(54)E+05        1171.092      0.001   0.00      0.799      0.011    1.33         0.1397        0.0038    2.72  2.0118E+05  5.4E+03    2.66
13d3/2   8p3/2      1250.986(1)           0.4255(45)             0.03253(83)    4.68(10)E+04         1250.986      0.001   0.00     0.4255     0.0045    1.07        0.03253       0.00083    2.56  4.6834E+04  1.0E+03    2.13
13d3/2   9p1/2       2205.66(2)            1.326(33)              0.0576(29)    8.30(42)E+04          2205.66       0.02   0.00      1.326      0.033    2.52         0.0576        0.0029    4.98  8.2981E+04  4.2E+03    5.04
13d3/2   9p3/2       2333.29(3)            0.739(10)             0.01513(47)    2.178(60)E+04         2333.29       0.03   0.00      0.739      0.010    1.37        0.01513       0.00047    3.10  2.1779E+04  6.0E+02    2.75
13d3/2  10p1/2       3864.26(8)            2.165(78)              0.0286(21)    4.12(30)E+04          3864.26       0.08   0.00      2.165      0.078    3.62         0.0286        0.0021    7.20  4.1160E+04  3.0E+03    7.24
13d3/2  10p3/2       4075.13(8)            1.264(27)             0.00830(38)    1.195(52)E+04         4075.13       0.08   0.00      1.264      0.027    2.16        0.00830       0.00038    4.55  1.1949E+04  5.2E+02    4.32
13d3/2  11p1/2        6707.2(2)             3.67(18)              0.0157(15)    2.26(22)E+04           6707.2        0.2   0.00       3.67       0.18    4.89         0.0157        0.0015    9.74  2.2564E+04  2.2E+03    9.77
13d3/2  11p3/2        7090.2(3)            2.258(69)             0.00503(32)    7.25(44)E+03           7090.2        0.3   0.00      2.258      0.069    3.07        0.00503       0.00032    6.29  7.2481E+03  4.4E+02    6.13
13d3/2  12p1/2       12330.2(8)             6.87(46)              0.0089(12)    1.28(17)E+04          12330.2        0.8   0.01       6.87       0.46    6.70         0.0089        0.0012   13.37  1.2768E+04  1.7E+03   13.41
13d3/2  12p3/2       13178.0(9)             4.58(20)             0.00323(28)    4.65(41)E+03          13178.0        0.9   0.01       4.58       0.20    4.36        0.00323       0.00028    8.82  4.6506E+03  4.1E+02    8.72
13d3/2  13p1/2         27756(4)             16.4(18)             0.00441(95)    6.3(14)E+03            27756          4    0.01       16.4        1.8   10.83        0.00441       0.00095   21.61  6.3450E+03  1.4E+03   21.65
13d3/2  13p3/2         30813(5)            12.98(94)             0.00203(30)    2.92(42)E+03           30813          5    0.02      12.98       0.94    7.28        0.00203       0.00030   14.61  2.9178E+03  4.2E+02   14.56
13d3/2  14p1/2      217200(200)           151.80(43)            0.000792(13)    1.1398(74)E+03        217155        237    0.11     151.80       0.43    0.28       0.000792      0.000013    1.65  1.1398E+03  7.4E+00    0.65
13d3/2  14p3/2    4.88(1)E+05              69.42(12)          0.00001463(25)    2.106(17)E+01         487567       1197    0.25      69.42       0.12    0.17     0.00001463    0.00000025    1.72  2.1058E+01  1.7E-01    0.81
13d3/2   5f5/2          1735(1)  *        0.4213(23)             0.01196(22)    1.723(19)E+04           1735          1    0.07     0.4213     0.0023    0.55        0.01196       0.00022    1.88  1.7225E+04  1.9E+02    1.13
13d3/2   6f5/2          3072(2)  *        1.1013(65)             0.01473(28)    2.120(25)E+04           3072          2    0.06     1.1013     0.0065    0.59        0.01473       0.00028    1.92  2.1202E+04  2.5E+02    1.20
13d3/2   7f5/2          5288(3)  *         2.469(15)             0.01450(28)    2.088(25)E+04           5288          3    0.06      2.469      0.015    0.59        0.01450       0.00028    1.92  2.0884E+04  2.5E+02    1.20
13d3/2   8f5/2          9354(9)  *         5.651(27)             0.01373(25)    1.977(20)E+04           9354          9    0.09      5.651      0.027    0.48        0.01373       0.00025    1.81  1.9767E+04  2.0E+02    1.01
13d3/2   9f5/2        18660(30)  *       15.7365(79)             0.01342(22)    1.932(11)E+04          18655         35    0.19    15.7365     0.0079    0.05        0.01342       0.00022    1.61  1.9321E+04  1.1E+02    0.57
13d3/2  10f5/2       58500(300)  *          94.3(25)             0.01564(89)    2.25(13)E+04           58472        342    0.58       94.3        2.5    2.66        0.01564       0.00089    5.71  2.2525E+04  1.3E+03    5.60
 6d5/2   7p3/2       3990.99(5)           10.244(70)              1.0           5.575(76)E+05         3990.99       0.05   0.00     10.244      0.070    0.68  1.00000000000 0.00000000000    0.00  5.5746E+05  7.6E+03    1.37
 7d5/2   7p3/2       960.713(3)            6.150(91)             0.99540(14)    1.440(43)E+07         960.713      0.003   0.00      6.150      0.091    1.48        0.99540       0.00014    0.01  1.4402E+07  4.3E+05    2.97
 7d5/2   8p3/2       14823.1(7)           25.324(62)             0.00460(14)    6.649(32)E+04         14823.1        0.7   0.00     25.324      0.062    0.24        0.00460       0.00014    2.99  6.6491E+04  3.2E+02    0.49
 8d5/2   7p3/2      728.7899(4)            2.917(22)              0.7650(85)    7.42(11)E+06         728.7899     0.0004   0.00      2.917      0.022    0.75         0.7650        0.0085    1.11  7.4237E+06  1.1E+05    1.51
 8d5/2   8p3/2      2508.109(5)             9.53(24)              0.2001(86)    1.94(10)E+06         2508.109      0.005   0.00       9.53       0.24    2.57         0.2001        0.0086    4.28  1.9422E+06  1.0E+05    5.14
 8d5/2   9p3/2         35820(6)            44.49(11)            0.001498(25)    1.4540(74)E+04         35820          6    0.02      44.49       0.11    0.25       0.001498      0.000025    1.64  1.4540E+04  7.4E+01    0.51
 8d5/2   5f5/2         5690(10)  *         2.897(98)             0.00159(11)    1.54(10)E+04            5687         13    0.23      2.897      0.098    3.37        0.00159       0.00011    6.94  1.5410E+04  1.0E+03    6.78
 8d5/2   5f7/2         5680(10)  *         12.94(44)              0.0317(21)    3.08(21)E+05            5684         13    0.23      12.94       0.44    3.38         0.0317        0.0021    6.76  3.0805E+05  2.1E+04    6.80
 9d5/2   7p3/2      648.6002(3)            1.830(18)              0.6680(72)    4.145(83)E+06        648.6002     0.0003   0.00      1.830      0.018    1.00         0.6680        0.0072    1.08  4.1450E+06  8.3E+04    2.01
 9d5/2   8p3/2      1759.476(2)            4.501(61)              0.2024(53)    1.256(34)E+06        1759.476      0.002   0.00      4.501      0.061    1.35         0.2024        0.0053    2.62  1.2558E+06  3.4E+04    2.70
 9d5/2   9p3/2        5061.7(1)            13.50(56)              0.0765(59)    4.75(39)E+05           5061.7        0.1   0.00      13.50       0.56    4.13         0.0765        0.0059    7.76  4.7464E+05  3.9E+04    8.25
 9d5/2  10p3/2        69580(20)            68.14(13)            0.000750(12)    4.655(18)E+03          69576         24    0.04      68.14       0.13    0.19       0.000750      0.000012    1.64  4.6546E+03  1.8E+01    0.39
 9d5/2   5f5/2          2895(3)  *        0.6509(34)            0.000951(18)    5.899(65)E+03           2895          3    0.12     0.6509     0.0034    0.52       0.000951      0.000018    1.93  5.8985E+03  6.5E+01    1.10
 9d5/2   5f7/2          2894(3)  *         2.909(15)             0.01901(37)    1.179(13)E+05           2894          3    0.12      2.909      0.015    0.53        0.01901       0.00037    1.93  1.1794E+05  1.3E+03    1.12
 9d5/2   6f5/2        10580(20)  *          5.79(16)            0.001541(90)    9.56(54)E+03           10576         22    0.21       5.79       0.16    2.79       0.001541      0.000090    5.83  9.5635E+03  5.4E+02    5.62
 9d5/2   6f7/2        10570(20)  *         25.85(73)              0.0308(18)    1.91(11)E+05           10568         22    0.21      25.85       0.73    2.81         0.0308        0.0018    5.70  1.9121E+05  1.1E+04    5.65
10d5/2   7p3/2      609.6964(2)            1.303(14)              0.6170(67)    2.528(55)E+06        609.6964     0.0002   0.00      1.303      0.014    1.08         0.6170        0.0067    1.08  2.5280E+06  5.5E+04    2.16
10d5/2   8p3/2      1499.858(2)            2.831(28)              0.1958(42)    8.02(16)E+05         1499.858      0.002   0.00      2.831      0.028    0.98         0.1958        0.0042    2.14  8.0210E+05  1.6E+04    1.95
10d5/2   9p3/2       3379.06(6)             6.27(15)              0.0840(39)    3.44(17)E+05          3379.06       0.06   0.00       6.27       0.15    2.42         0.0840        0.0039    4.67  3.4412E+05  1.7E+04    4.85
10d5/2  10p3/2        8869.1(4)            18.04(92)              0.0384(38)    1.57(16)E+05           8869.1        0.4   0.00      18.04       0.92    5.11         0.0384        0.0038    9.93  1.5748E+05  1.6E+04   10.21
10d5/2  11p3/2       119040(70)            96.35(13)           0.0004536(70)    1.8585(62)E+03        119041         71    0.06      96.35       0.13    0.14      0.0004536     0.0000070    1.54  1.8585E+03  6.2E+00    0.33
10d5/2   5f5/2          2253(2)  *       0.32215(16)            0.000748(11)    3.0645(88)E+03          2253          2    0.09    0.32215    0.00016    0.05       0.000748      0.000011    1.53  3.0645E+03  8.8E+00    0.29
10d5/2   5f7/2          2253(2)  *       1.44008(72)             0.01495(23)    6.127(18)E+04           2253          2    0.09    1.44008    0.00072    0.05        0.01495       0.00023    1.53  6.1274E+04  1.8E+02    0.29
10d5/2   6f5/2          5183(5)  *        1.3148(50)            0.001023(18)    4.192(35)E+03           5183          5    0.10     1.3148     0.0050    0.38       0.001023      0.000018    1.72  4.1923E+03  3.5E+01    0.82
10d5/2   6f7/2          5181(5)  *         5.877(23)             0.02046(35)    8.385(71)E+04           5181          5    0.10      5.877      0.023    0.39        0.02046       0.00035    1.72  8.3847E+04  7.1E+02    0.84
10d5/2   7f5/2        17700(30)  *          9.34(23)            0.001296(68)    5.31(27)E+03           17704         34    0.19       9.34       0.23    2.49       0.001296      0.000068    5.23  5.3111E+03  2.7E+02    5.02
10d5/2   7f7/2        17690(30)  *          41.7(10)              0.0259(13)    1.062(54)E+05          17687         34    0.19       41.7        1.0    2.51         0.0259        0.0013    5.15  1.0621E+05  5.4E+03    5.06
11d5/2   7p3/2      587.4528(2)            0.996(11)              0.5863(64)    1.651(37)E+06        587.4528     0.0002   0.00      0.996      0.011    1.12         0.5863        0.0064    1.09  1.6511E+06  3.7E+04    2.23
11d5/2   8p3/2      1372.055(1)            2.023(16)              0.1900(36)    5.353(85)E+05        1372.055      0.001   0.00      2.023      0.016    0.79         0.1900        0.0036    1.90  5.3525E+05  8.5E+03    1.59
11d5/2   9p3/2       2792.95(4)            3.922(73)              0.0846(31)    2.384(89)E+05         2792.95       0.04   0.00      3.922      0.073    1.86         0.0846        0.0031    3.68  2.3836E+05  8.9E+03    3.72
11d5/2  10p3/2        5719.0(2)             8.25(26)              0.0436(27)    1.227(78)E+05          5719.0        0.2   0.00       8.25       0.26    3.16         0.0436        0.0027    6.20  1.2273E+05  7.8E+03    6.32
11d5/2  11p3/2         14184(1)             23.2(14)              0.0226(26)    6.35(74)E+04           14184          1    0.01       23.2        1.4    5.86         0.0226        0.0026   11.54  6.3547E+04  7.4E+03   11.72
11d5/2  12p3/2      187000(200)           129.16(18)           0.0003060(45)    8.618(34)E+02         186975        176    0.09     129.16       0.18    0.14      0.0003060     0.0000045    1.49  8.6177E+02  3.4E+00    0.39
11d5/2   5f5/2          1976(2)  *       0.20448(28)           0.0006493(96)    1.8288(66)E+03          1976          2    0.08    0.20448    0.00028    0.14      0.0006493     0.0000096    1.48  1.8288E+03  6.6E+00    0.36
11d5/2   5f7/2          1976(2)  *        0.9141(12)             0.01298(19)    3.657(13)E+04           1976          2    0.08     0.9141     0.0012    0.13        0.01298       0.00019    1.48  3.6566E+04  1.3E+02    0.35
11d5/2   6f5/2          3921(3)  *       0.65030(35)            0.000841(12)    2.3688(61)E+03          3921          3    0.08    0.65030    0.00035    0.05       0.000841      0.000012    1.46  2.3688E+03  6.1E+00    0.26
11d5/2   6f7/2          3920(3)  *        2.9070(15)             0.01682(24)    4.738(12)E+04           3920          3    0.08     2.9070     0.0015    0.05        0.01682       0.00024    1.46  4.7379E+04  1.2E+02    0.26
11d5/2   7f5/2          8432(8)  *        2.1234(61)            0.000902(14)    2.539(16)E+03           8432          8    0.09     2.1234     0.0061    0.29       0.000902      0.000014    1.57  2.5392E+03  1.6E+01    0.63
11d5/2   7f7/2          8429(8)  *         9.491(28)             0.01804(28)    5.080(33)E+04           8429          8    0.09      9.491      0.028    0.30        0.01804       0.00028    1.57  5.0797E+04  3.3E+02    0.65
11d5/2   8f5/2        27490(80)  *         13.59(31)            0.001066(52)    3.00(14)E+03           27493         76    0.27      13.59       0.31    2.31       0.001066      0.000052    4.91  3.0034E+03  1.4E+02    4.70
11d5/2   8f7/2        27460(80)  *          60.7(14)              0.0213(10)    6.01(28)E+04           27465         75    0.27       60.7        1.4    2.33         0.0213        0.0010    4.85  6.0064E+04  2.8E+03    4.74
12d5/2   7p3/2      573.4058(2)           0.7967(90)              0.5661(63)    1.137(26)E+06        573.4058     0.0002   0.00     0.7967     0.0090    1.13         0.5661        0.0063    1.12  1.1368E+06  2.6E+04    2.26
12d5/2   8p3/2      1297.800(1)            1.554(12)              0.1857(35)    3.730(60)E+05        1297.800      0.001   0.00      1.554      0.012    0.80         0.1857        0.0035    1.88  3.7296E+05  6.0E+03    1.61
12d5/2   9p3/2       2501.59(3)            2.798(44)              0.0841(27)    1.689(54)E+05         2501.59       0.03   0.00      2.798      0.044    1.59         0.0841        0.0027    3.21  1.6887E+05  5.4E+03    3.18
12d5/2  10p3/2        4617.7(1)             5.12(13)              0.0448(22)    8.99(45)E+04           4617.7        0.1   0.00       5.12       0.13    2.50         0.0448        0.0022    4.97  8.9896E+04  4.5E+03    5.00
12d5/2  11p3/2        8912.2(4)            10.44(39)              0.0259(19)    5.20(39)E+04           8912.2        0.4   0.00      10.44       0.39    3.75         0.0259        0.0019    7.44  5.2030E+04  3.9E+03    7.50
12d5/2  12p3/2         21254(2)             28.9(19)              0.0146(19)    2.94(38)E+04           21254          2    0.01       28.9        1.9    6.44         0.0146        0.0019   12.76  2.9380E+04  3.8E+03   12.87
12d5/2  13p3/2      276300(400)           166.55(23)           0.0002212(33)    4.442(22)E+02         276281        384    0.14     166.55       0.23    0.14      0.0002212     0.0000033    1.48  4.4418E+02  2.2E+00    0.50
12d5/2   5f5/2          1826(1)  *       0.14643(32)           0.0005923(87)    1.1893(58)E+03          1826          1    0.07    0.14643    0.00032    0.22      0.0005923     0.0000087    1.47  1.1893E+03  5.8E+00    0.49
12d5/2   5f7/2          1826(1)  *        0.6546(14)             0.01184(17)    2.378(11)E+04           1826          1    0.07     0.6546     0.0014    0.21        0.01184       0.00017    1.47  2.3780E+04  1.1E+02    0.48
12d5/2   6f5/2          3370(2)  *       0.41199(87)            0.000746(11)    1.4976(70)E+03          3370          2    0.07    0.41199    0.00087    0.21       0.000746      0.000011    1.47  1.4976E+03  7.0E+00    0.47
12d5/2   6f7/2          3369(2)  *        1.8418(37)             0.01492(22)    2.995(14)E+04           3369          2    0.07     1.8418     0.0037    0.20        0.01492       0.00022    1.46  2.9952E+04  1.4E+02    0.45
12d5/2   7f5/2          6239(4)  *        1.0466(13)            0.000759(11)    1.5232(50)E+03          6239          4    0.07     1.0466     0.0013    0.13       0.000759      0.000011    1.43  1.5232E+03  5.0E+00    0.33
12d5/2   7f7/2          6237(4)  *        4.6788(55)             0.01518(22)    3.0474(96)E+04          6237          4    0.07     4.6788     0.0055    0.12        0.01518       0.00022    1.42  3.0474E+04  9.6E+01    0.31
12d5/2   8f5/2        12810(20)  *        3.0801(66)            0.000759(11)    1.5247(88)E+03         12808         16    0.13     3.0801     0.0066    0.21       0.000759      0.000011    1.50  1.5247E+03  8.8E+00    0.58
12d5/2   8f7/2        12800(20)  *        13.768(31)             0.01519(23)    3.051(18)E+04          12802         16    0.13     13.768      0.031    0.23        0.01519       0.00023    1.51  3.0508E+04  1.8E+02    0.59
12d5/2   9f5/2       40400(200)  *         18.56(41)            0.000880(42)    1.768(81)E+03          40372        163    0.40      18.56       0.41    2.20       0.000880      0.000042    4.76  1.7676E+03  8.1E+01    4.56
12d5/2   9f7/2       40300(200)  *          82.9(18)             0.01761(83)    3.54(16)E+04           40329        163    0.40       82.9        1.8    2.22        0.01761       0.00083    4.72  3.5350E+04  1.6E+03    4.60
13d5/2   7p3/2      563.9154(2)           0.6581(75)              0.5522(63)    8.16(19)E+05         563.9154     0.0002   0.00     0.6581     0.0075    1.14         0.5522        0.0063    1.14  8.1560E+05  1.9E+04    2.28
13d5/2   8p3/2      1250.180(1)            1.249(10)              0.1825(35)    2.696(45)E+05        1250.180      0.001   0.00      1.249      0.010    0.83         0.1825        0.0035    1.90  2.6961E+05  4.5E+03    1.66
13d5/2   9p3/2       2330.48(3)            2.149(31)              0.0834(24)    1.232(35)E+05         2330.48       0.03   0.00      2.149      0.031    1.43         0.0834        0.0024    2.94  1.2318E+05  3.5E+03    2.85
13d5/2  10p3/2       4066.59(8)            3.640(79)              0.0450(20)    6.65(29)E+04          4066.59       0.08   0.00      3.640      0.079    2.17         0.0450        0.0020    4.35  6.6526E+04  2.9E+03    4.33
13d5/2  11p3/2        7064.4(3)             6.44(19)              0.0269(16)    3.97(24)E+04           7064.4        0.3   0.00       6.44       0.19    3.02         0.0269        0.0016    6.03  3.9693E+04  2.4E+03    6.04
13d5/2  12p3/2       13089.1(9)            12.87(54)              0.0169(14)    2.49(21)E+04          13089.1        0.9   0.01      12.87       0.54    4.22         0.0169        0.0014    8.40  2.4933E+04  2.1E+03    8.43
13d5/2  13p3/2         30331(5)             35.2(24)              0.0102(14)    1.50(21)E+04           30331          5    0.02       35.2        2.4    6.89         0.0102        0.0014   13.71  1.5024E+04  2.1E+03   13.78
13d5/2  14p3/2      389600(800)           208.54(28)           0.0001681(25)    2.483(16)E+02         389636        765    0.20     208.54       0.28    0.13      0.0001681     0.0000025    1.50  2.4828E+02  1.6E+00    0.65
13d5/2   5f5/2          1733(1)  *       0.11250(30)           0.0005558(82)    8.210(47)E+02           1733          1    0.07    0.11250    0.00030    0.26      0.0005558     0.0000082    1.47  8.2101E+02  4.7E+00    0.57
13d5/2   5f7/2          1733(1)  *        0.5029(13)             0.01111(16)    1.6416(92)E+04          1733          1    0.07     0.5029     0.0013    0.26        0.01111       0.00016    1.47  1.6416E+04  9.2E+01    0.56
13d5/2   6f5/2          3067(2)  *       0.29459(84)            0.000688(10)    1.0161(61)E+03          3067          2    0.06    0.29459    0.00084    0.28       0.000688      0.000010    1.48  1.0161E+03  6.1E+00    0.60
13d5/2   6f7/2          3066(2)  *        1.3170(37)             0.01376(20)    2.032(12)E+04           3066          2    0.06     1.3170     0.0037    0.28        0.01376       0.00020    1.47  2.0323E+04  1.2E+02    0.58
13d5/2   7f5/2          5273(3)  *        0.6609(18)            0.000681(10)    1.0060(59)E+03          5273          3    0.06     0.6609     0.0018    0.28       0.000681      0.000010    1.48  1.0060E+03  5.9E+00    0.58
13d5/2   7f7/2          5272(3)  *        2.9549(80)             0.01363(20)    2.013(11)E+04           5272          3    0.06     2.9549     0.0080    0.27        0.01363       0.00020    1.47  2.0126E+04  1.1E+02    0.57
13d5/2   8f5/2          9309(9)  *        1.5116(29)           0.0006476(93)    9.565(45)E+02           9309          9    0.09     1.5116     0.0029    0.19      0.0006476     0.0000093    1.44  9.5654E+02  4.5E+00    0.47
13d5/2   8f7/2          9306(9)  *         6.758(12)             0.01296(19)    1.9141(87)E+04          9306          9    0.09      6.758      0.012    0.18        0.01296       0.00019    1.43  1.9141E+04  8.7E+01    0.46
13d5/2   9f5/2        18480(30)  *        4.1856(67)           0.0006349(95)    9.378(60)E+02          18478         34    0.18     4.1856     0.0067    0.16      0.0006349     0.0000095    1.50  9.3776E+02  6.0E+00    0.64
13d5/2   9f7/2        18470(30)  *        18.710(32)             0.01270(19)    1.877(12)E+04          18469         34    0.18     18.710      0.032    0.17        0.01270       0.00019    1.50  1.8766E+04  1.2E+02    0.65
13d5/2  10f5/2       56800(300)  *         24.24(51)            0.000734(35)    1.085(49)E+03          56761        322    0.57      24.24       0.51    2.11       0.000734      0.000035    4.75  1.0849E+03  4.9E+01    4.56
13d5/2  10f7/2       56700(300)  *         108.2(23)             0.01469(69)    2.17(10)E+04           56700        321    0.57      108.2        2.3    2.14        0.01469       0.00069    4.73  2.1697E+04  1.0E+03    4.60
