 State    Total rate        Lifetime   Ref.      Total rate     Unc      Lifetime     Unc  Unc %
 8s1/2  1.8796(68)E+07      53.20(26)            1.8796E+07   9.3E+04       53.20     0.26  0.49
 9s1/2  9.25(12)E+06        108.2(19)            9.2450E+06   1.6E+05       108.2      1.9  1.75
10s1/2  4.964(62)E+06       201.5(35)            4.9639E+06   8.6E+04       201.5      3.5  1.73
11s1/2  2.924(36)E+06       342.0(58)            2.9242E+06   5.0E+04       342.0      5.8  1.70
12s1/2  1.854(23)E+06       539.2(91)            1.8545E+06   3.1E+04       539.2      9.1  1.68
13s1/2  1.246(15)E+06          803(13)           1.2455E+06   2.1E+04        803       13   1.67
14s1/2  8.75(11)E+05          1143(19)           8.7523E+05   1.5E+04       1143       19   1.67
 7p1/2  3.396(13)E+07        29.45(11) E37       3.3961E+07   1.3E+05       29.45     0.11  0.37
 8p1/2  7.73(59)E+06        129.4(98)            7.7275E+06   5.9E+05       129.4      9.8  7.57
 9p1/2  3.26(11)E+06           307(11)           3.2584E+06   1.1E+05        307       11   3.50
10p1/2  1.787(53)E+06          560(17)           1.7873E+06   5.3E+04        560       17   2.98
11p1/2  1.104(32)E+06          906(26)           1.1042E+06   3.2E+04        906       26   2.89
12p1/2  7.34(20)E+05          1363(37)           7.3394E+05   2.0E+04       1363       37   2.75
13p1/2  5.13(13)E+05          1948(51)           5.1337E+05   1.3E+04       1948       51   2.60
14p1/2  3.732(92)E+05         2679(66)           3.7323E+05   9.2E+03       2679       66   2.48
 7p3/2  4.757(24)E+07        21.02(11) E37       4.7567E+07   2.4E+05       21.02     0.11  0.51
 8p3/2  1.286(70)E+07        77.8(44)            1.2857E+07   7.2E+05        77.8      4.4  5.61
 9p3/2  5.49(25)E+06        182.2(82)            5.4898E+06   2.5E+05       182.2      8.2  4.50
10p3/2  2.93(13)E+06           342(15)           2.9270E+06   1.3E+05        342       15   4.36
11p3/2  1.760(75)E+06          568(24)           1.7601E+06   7.5E+04        568       24   4.27
12p3/2  1.146(48)E+06          873(37)           1.1461E+06   4.9E+04        873       37   4.25
13p3/2  7.88(33)E+05          1268(53)           7.8844E+05   3.3E+04       1268       53   4.21
14p3/2  5.67(24)E+05          1764(74)           5.6686E+05   2.4E+04       1764       74   4.18
 6d3/2  1.759(16)E+06       568.4(56)            1.7594E+06   1.7E+04       568.4      5.6  0.99
 7d3/2  1.346(44)E+07        74.3(29)            1.3460E+07   5.2E+05        74.3      2.9  3.89
 8d3/2  9.23(16)E+06        108.4(22)            9.2285E+06   1.8E+05       108.4      2.2  2.00
 9d3/2  5.969(94)E+06       167.5(32)            5.9687E+06   1.1E+05       167.5      3.2  1.88
10d3/2  3.966(63)E+06       252.1(47)            3.9660E+06   7.4E+04       252.1      4.7  1.87
11d3/2  2.736(43)E+06       365.5(67)            2.7357E+06   5.0E+04       365.5      6.7  1.84
12d3/2  1.954(30)E+06       511.6(92)            1.9545E+06   3.5E+04       511.6      9.2  1.81
13d3/2  1.440(22)E+06          695(12)           1.4398E+06   2.6E+04        695       12   1.78
 6d5/2  5.575(76)E+05         1794(25)           5.5746E+05   7.6E+03       1794       25   1.37
 7d5/2  1.447(43)E+07        69.1(20)            1.4469E+07   4.3E+05        69.1      2.0  2.95
 8d5/2  9.70(15)E+06        103.1(16)            9.7040E+06   1.5E+05       103.1      1.6  1.56
 9d5/2  6.205(99)E+06       161.2(26)            6.2047E+06   9.9E+04       161.2      2.6  1.59
10d5/2  4.097(62)E+06       244.1(37)            4.0975E+06   6.2E+04       244.1      3.7  1.51
11d5/2  2.816(40)E+06       355.1(51)            2.8164E+06   4.0E+04       355.1      5.1  1.43
12d5/2  2.008(28)E+06       498.0(69)            2.0079E+06   2.8E+04       498.0      6.9  1.39
13d5/2  1.477(20)E+06       677.0(92)            1.4771E+06   2.0E+04       677.0      9.2  1.36
