 State    Total rate        Lifetime   Ref.      Total rate     Unc      Lifetime     Unc  Unc %
 6s1/2  2.2014(68)E+07       45.57(17) E40       2.2014E+07   9.1E+04       45.57     0.17  0.41
 7s1/2  1.1334(61)E+07      88.23(63)            1.1334E+07   8.1E+04       88.23     0.63  0.72
 8s1/2  6.180(36)E+06       161.8(13)            6.1802E+06   4.8E+04       161.8      1.3  0.77
 9s1/2  3.672(21)E+06       272.3(20)            3.6719E+06   2.8E+04       272.3      2.0  0.75
10s1/2  2.340(13)E+06       427.4(32)            2.3397E+06   1.7E+04       427.4      3.2  0.75
11s1/2  1.5760(87)E+06      634.5(47)            1.5760E+06   1.2E+04       634.5      4.7  0.74
12s1/2  1.1091(63)E+06      901.6(68)            1.1091E+06   8.4E+03       901.6      6.8  0.76
13s1/2  8.201(23)E+05      1219.4(46)            8.2005E+05   3.1E+03      1219.4      4.6  0.38
 5p1/2  3.6096(51)E+07        27.70(4) E31       3.6096E+07   5.1E+04      27.700    0.040  0.14
 6p1/2  8.15(23)E+06        122.8(35)            8.1459E+06   2.3E+05       122.8      3.5  2.85
 7p1/2  3.60(10)E+06        277.5(80)            3.6033E+06   1.0E+05       277.5      8.0  2.88
 8p1/2  1.981(39)E+06       504.7(98)            1.9814E+06   3.9E+04       504.7      9.8  1.95
 9p1/2  1.220(19)E+06          820(13)           1.2198E+06   1.9E+04        820       13   1.54
10p1/2  8.06(11)E+05          1240(17)           8.0629E+05   1.1E+04       1240       17   1.34
11p1/2  5.610(70)E+05         1782(22)           5.6103E+05   7.0E+03       1782       22   1.24
12p1/2  4.063(48)E+05         2461(29)           4.0628E+05   4.8E+03       2461       29   1.18
13p1/2  3.029(38)E+05         3302(41)           3.0288E+05   3.8E+03       3302       41   1.25
 5p3/2  3.8109(64)E+07        26.24(4) E31       3.8109E+07   6.4E+04      26.240    0.040  0.17
 6p3/2  8.83(21)E+06        113.2(30)            8.8346E+06   2.3E+05       113.2      3.0  2.65
 7p3/2  3.920(97)E+06       255.1(68)            3.9202E+06   1.0E+05       255.1      6.8  2.67
 8p3/2  2.140(37)E+06       467.4(87)            2.1396E+06   4.0E+04       467.4      8.7  1.86
 9p3/2  1.312(18)E+06          762(11)           1.3117E+06   2.0E+04        762       11   1.49
10p3/2  8.64(11)E+05          1157(15)           8.6426E+05   1.1E+04       1157       15   1.32
11p3/2  6.002(70)E+05         1666(21)           6.0022E+05   7.4E+03       1666       21   1.23
12p3/2  4.340(48)E+05         2304(27)           4.3401E+05   5.1E+03       2304       27   1.17
13p3/2  3.233(37)E+05         3094(38)           3.2325E+05   4.0E+03       3094       38   1.22
 4d3/2  1.1984(63)E+07      83.44(52)            1.1984E+07   7.4E+04       83.44     0.52  0.62
 5d3/2  4.11(24)E+06        246.3(1.6) E43       4.1074E+06   2.9E+05       246.3      1.6  7.06
 6d3/2  3.80(17)E+06            256(4) E41       3.7996E+06   2.0E+05       256.0      4.0  5.35
 7d3/2  2.887(95)E+06          346(13)           2.8867E+06   1.1E+05        346       13   3.86
 8d3/2  2.092(54)E+06          478(15)           2.0917E+06   6.4E+04        478       15   3.06
 9d3/2  1.520(33)E+06          658(17)           1.5197E+06   3.9E+04        658       17   2.58
10d3/2  1.123(21)E+06          890(20)           1.1234E+06   2.5E+04        890       20   2.24
11d3/2  8.72(37)E+05          1146(57)           8.7240E+05   4.4E+04       1146       57   4.99
12d3/2  6.70(24)E+05          1493(63)           6.6968E+05   2.8E+04       1493       63   4.24
 4d5/2  1.1138(76)E+07      89.78(61)            1.1138E+07   7.6E+04       89.78     0.61  0.68
 5d5/2  4.26(30)E+06        238.5(2.3) E43       4.2582E+06   3.0E+05       238.5      2.3  6.94
 6d5/2  3.96(20)E+06            249(5) E41       3.9633E+06   2.0E+05       249.0      5.0  5.02
 7d5/2  3.00(11)E+06           333(12)           2.9993E+06   1.1E+05        333       12   3.58
 8d5/2  2.167(61)E+06          461(13)           2.1674E+06   6.1E+04        461       13   2.82
 9d5/2  1.572(37)E+06          636(15)           1.5722E+06   3.7E+04        636       15   2.37
10d5/2  1.161(24)E+06          861(18)           1.1609E+06   2.4E+04        861       18   2.05
11d5/2  8.99(41)E+05          1113(51)           8.9881E+05   4.1E+04       1113       51   4.57
12d5/2  6.90(27)E+05          1450(57)           6.8960E+05   2.7E+04       1450       57   3.90
